2.555
92.549
104.085
130.177
115.819
104.696
96.920
104.457
112.122
108.803
102.595
105.613
105.442
128.170
104.972
103.792
104.167
111.546
99.897
100.290
115.957
97.167
109.296
116.210
116.059
101.135
119.651
112.071
126.986
112.086
123.276
104.777
112.698
121.023
120.700
120.729
143.634
120.620
168.939
142.094
116.609
166.649
173.540
135.922
152.032
156.209
179.789
184.339
195.397
183.499
157.443
175.172
192.778
197.282
198.449
185.034
185.009
197.489
197.412
193.627
181.678
148.685
169.734
137.775
174.896
154.427
180.202
137.777
153.822
113.697
117.900
110.545
106.277
106.896
108.975
107.814
107.706
102.100
110.444
102.361
102.556
105.137
109.200
105.043
109.178
105.361
105.290
105.421
101.421
101.445
101.792
109.738
109.929
101.573
101.624
101.480
106.682
102.374
102.356
101.510
101.758
109.733
101.480
102.694
101.523
101.480
