-25.000
-23.000
-22.000
-15.000
-19.000
-22.000
-24.000
-22.000
-20.000
-21.000
-23.000
-22.000
-22.000
-16.000
-22.000
-22.000
-22.000
-20.000
-23.000
-23.000
-19.000
-24.000
-21.000
-19.000
-19.000
-23.000
-18.000
-20.000
-16.000
-20.000
-17.000
-22.000
-20.000
-18.000
-18.000
-18.000
-12.000
-18.000
-5.000
-12.000
-19.000
-6.000
-4.000
-14.000
-10.000
9.000
-3.000
-2.000
-1.000
-5.000
-12.000
-7.000
-2.000
-1.000
-1.000
-4.000
-4.000
1.000
2.000
-3.000
6.000
14.000
9.000
17.000
7.000
12.000
6.000
16.000
12.000
22.000
21.000
23.000
24.000
24.000
24.000
24.000
24.000
25.000
23.000
25.000
25.000
24.000
23.000
24.000
23.000
24.000
24.000
24.000
25.000
25.000
25.000
23.000
23.000
25.000
25.000
25.000
24.000
25.000
25.000
25.000
25.000
23.000
25.000
25.000
25.000
25.000
