-24.000
-24.000
-19.000
-18.000
-21.000
-21.000
-24.000
-21.000
-18.000
-24.000
-21.000
-21.000
-17.000
-19.000
-24.000
-22.000
-21.000
-22.000
-21.000
-22.000
-20.000
-20.000
-23.000
-23.000
-20.000
-21.000
-20.000
-18.000
-23.000
-20.000
-23.000
-20.000
-19.000
-23.000
-23.000
-20.000
-18.000
-22.000
-17.000
-21.000
-19.000
-21.000
-22.000
-18.000
-21.000
-22.000
-20.000
-23.000
-24.000
-16.000
-21.000
-22.000
-24.000
-20.000
-22.000
-23.000
-22.000
-21.000
-19.000
-16.000
-24.000
-24.000
-23.000
-24.000
-21.000
-21.000
-21.000
-19.000
-21.000
-21.000
-22.000
-23.000
-24.000
-20.000
-25.000
-21.000
-18.000
-17.000
-21.000
-23.000
-20.000
-19.000
-22.000
-22.000
-22.000
-20.000
-19.000
-23.000
-22.000
-18.000
-20.000
-20.000
-22.000
-22.000
-18.000
-19.000
-22.000
-18.000
-24.000
-20.000
-23.000
-23.000
-20.000
-20.000
-23.000
-24.000
-19.000
-18.000
-21.000
-23.000
-18.000
-23.000
-22.000
-20.000
-18.000
-21.000
-22.000
-22.000
-24.000
-22.000
-23.000
-22.000
-21.000
-18.000
-23.000
-21.000
-21.000
-21.000
-21.000
-23.000
-21.000
-21.000
-22.000
-18.000
-21.000
-19.000
-18.000
-23.000
-23.000
-20.000
-22.000
-22.000
-17.000
-21.000
-24.000
-18.000
-22.000
-20.000
-23.000
-22.000
-20.000
-23.000
-22.000
-21.000
-18.000
-24.000
-21.000
-19.000
-24.000
-18.000
-22.000
-21.000
-24.000
-23.000
-16.000
-20.000
-24.000
-24.000
-22.000
-15.000
-24.000
-23.000
-22.000
-21.000
-19.000
-20.000
-20.000
-20.000
-24.000
-25.000
-19.000
-24.000
-20.000
-24.000
-21.000
-19.000
-24.000
-19.000
-22.000
-18.000
-23.000
-18.000
-19.000
-24.000
-25.000
-24.000
-21.000
-21.000
-22.000
-18.000
-21.000
-19.000
-23.000
-20.000
-24.000
-17.000
-21.000
-21.000
-23.000
-21.000
-19.000
-21.000
-21.000
-19.000
-22.000
-20.000
-22.000
-19.000
-21.000
-23.000
-22.000
-17.000
-23.000
-20.000
-22.000
-24.000
-21.000
-20.000
-22.000
-23.000
-11.000
-21.000
-14.000
-19.000
-17.000
-22.000
-19.000
-22.000
-16.000
-17.000
-18.000
-19.000
-22.000
-18.000
-18.000
-13.000
-11.000
-2.000
-7.000
-16.000
-19.000
-11.000
-6.000
-8.000
-11.000
-11.000
-8.000
-1.000
-1.000
8.000
-8.000
5.000
3.000
8.000
-3.000
11.000
7.000
18.000
14.000
8.000
14.000
18.000
15.000
17.000
13.000
10.000
14.000
16.000
12.000
16.000
14.000
17.000
14.000
11.000
19.000
12.000
17.000
19.000
20.000
19.000
20.000
12.000
21.000
15.000
21.000
18.000
18.000
17.000
19.000
13.000
13.000
8.000
14.000
20.000
21.000
17.000
18.000
23.000
19.000
15.000
15.000
15.000
15.000
10.000
10.000
19.000
16.000
22.000
17.000
24.000
23.000
21.000
13.000
20.000
15.000
9.000
16.000
15.000
13.000
14.000
22.000
18.000
18.000
23.000
20.000
17.000
22.000
21.000
19.000
22.000
25.000
18.000
19.000
20.000
24.000
22.000
23.000
21.000
25.000
18.000
23.000
23.000
19.000
24.000
23.000
20.000
22.000
23.000
24.000
22.000
23.000
24.000
18.000
24.000
23.000
23.000
24.000
21.000
21.000
23.000
20.000
21.000
14.000
20.000
10.000
21.000
24.000
20.000
20.000
22.000
23.000
22.000
24.000
21.000
23.000
23.000
23.000
24.000
21.000
23.000
24.000
24.000
23.000
25.000
18.000
19.000
22.000
24.000
22.000
23.000
22.000
19.000
21.000
17.000
21.000
25.000
21.000
24.000
22.000
23.000
21.000
20.000
25.000
23.000
25.000
25.000
24.000
20.000
19.000
20.000
23.000
25.000
25.000
22.000
24.000
23.000
24.000
23.000
20.000
23.000
22.000
19.000
21.000
21.000
25.000
20.000
20.000
22.000
24.000
22.000
25.000
22.000
22.000
21.000
25.000
23.000
21.000
22.000
25.000
25.000
22.000
23.000
24.000
23.000
22.000
21.000
23.000
23.000
19.000
18.000
22.000
23.000
22.000
22.000
21.000
23.000
20.000
23.000
23.000
22.000
24.000
25.000
23.000
25.000
23.000
24.000
24.000
25.000
23.000
21.000
24.000
22.000
24.000
23.000
19.000
22.000
19.000
23.000
23.000
22.000
22.000
19.000
24.000
21.000
20.000
24.000
23.000
23.000
18.000
22.000
