8.664
5.866
6.867
7.044
6.425
6.497
5.828
6.440
7.078
5.842
7.200
6.434
7.250
6.882
5.853
6.372
6.584
6.252
6.511
6.221
7.653
6.711
6.087
6.118
6.684
6.500
6.746
7.115
6.275
6.692
6.610
6.812
6.929
6.116
6.067
6.711
7.252
6.355
7.455
6.557
7.448
6.622
6.345
7.168
6.512
6.301
6.780
6.109
5.918
7.509
7.097
6.399
5.882
7.440
6.353
6.087
6.331
8.590
7.004
7.535
6.373
5.955
6.252
5.908
6.526
6.580
6.527
7.040
6.574
6.438
6.880
6.120
5.966
6.770
5.697
9.722
7.160
7.331
6.889
6.106
12.381
6.964
6.368
6.323
6.232
10.708
7.448
6.160
6.844
8.446
7.212
6.654
6.257
6.283
7.064
6.887
6.248
7.192
5.777
7.685
6.603
6.023
6.733
6.680
6.055
5.806
9.538
7.111
6.524
6.050
7.615
6.038
6.316
6.763
7.150
6.516
7.528
8.487
5.974
6.258
6.542
6.248
6.542
7.178
6.089
6.455
6.529
6.446
6.477
6.123
6.993
6.503
6.210
7.127
6.607
6.928
7.145
6.076
6.082
6.780
6.818
6.252
7.367
6.536
5.929
7.774
8.271
6.773
6.113
6.403
7.312
6.047
6.315
6.507
7.207
5.899
6.546
6.973
5.870
7.217
6.873
6.511
5.890
6.163
7.583
6.718
5.908
5.910
6.388
7.745
7.780
6.095
6.325
6.662
8.722
8.284
6.848
6.798
5.994
5.667
7.427
5.870
6.788
5.969
6.538
6.903
6.050
7.026
7.523
7.179
6.626
7.132
6.964
5.859
5.658
5.888
6.496
7.229
6.279
7.131
7.053
7.064
6.037
6.630
5.894
7.356
7.320
6.541
6.180
6.541
7.464
6.639
6.546
6.951
6.300
6.823
6.369
6.994
6.534
6.066
6.957
7.424
6.125
6.785
6.597
5.921
6.604
6.679
6.269
6.046
9.023
6.558
7.946
6.942
7.343
6.232
6.998
6.309
7.576
7.292
7.649
6.994
6.230
7.112
7.108
8.071
8.553
10.408
9.248
7.463
7.391
8.586
9.472
9.103
8.464
8.473
9.235
10.525
10.554
9.102
9.599
9.764
10.180
9.163
10.176
8.452
9.370
7.065
7.855
9.946
8.461
7.068
7.686
7.268
8.087
8.672
7.932
7.450
8.279
7.438
8.376
7.360
7.808
8.419
7.072
8.210
7.276
6.862
6.644
6.808
7.164
8.243
6.428
7.654
6.503
7.006
7.129
7.251
6.867
8.075
8.511
9.129
7.844
6.653
6.437
7.285
7.154
6.059
6.812
9.322
8.178
7.757
7.701
8.606
8.620
6.896
7.472
6.317
7.297
5.788
6.519
6.463
8.111
6.603
7.657
8.843
7.469
7.738
8.060
7.809
6.736
7.063
7.155
6.001
6.663
7.304
6.254
6.567
6.888
6.267
6.125
7.063
6.952
6.637
5.844
6.217
6.032
6.510
5.735
7.145
6.673
6.200
6.912
5.945
6.065
6.654
6.269
6.007
5.949
6.285
6.622
5.851
7.147
5.852
5.996
6.081
5.852
6.554
6.523
6.233
7.228
6.460
7.948
6.729
8.680
6.496
5.821
6.751
6.637
6.207
6.525
6.305
5.858
6.488
6.033
6.026
6.133
5.846
6.487
6.059
6.353
5.938
6.025
5.614
7.046
6.831
6.612
7.004
6.290
6.013
6.841
6.911
6.460
7.315
6.478
5.633
6.551
5.893
6.242
6.009
7.060
6.674
5.655
6.054
5.621
5.586
5.940
6.640
6.922
6.607
6.687
5.622
5.614
6.278
5.880
6.067
5.878
6.072
6.629
6.018
6.872
6.876
6.437
6.461
5.657
6.658
6.797
6.247
5.830
6.264
6.212
6.218
6.226
6.510
5.638
6.062
6.534
6.263
5.669
5.855
6.857
6.019
5.845
6.026
6.416
6.426
6.124
6.038
6.786
7.124
6.792
6.137
6.254
6.193
6.463
6.011
6.797
6.046
6.095
6.245
6.370
5.666
6.048
5.645
6.065
5.814
5.776
5.709
6.102
6.444
6.353
6.232
5.960
6.058
6.911
6.214
6.863
6.116
5.980
6.280
6.772
6.924
5.943
6.539
6.648
5.848
6.031
5.973
7.172
6.252
