3.806
3.834
3.752
4.277
3.857
3.456
3.714
4.138
4.420
4.724
4.425
4.125
4.447
3.743
4.194
3.864
4.145
4.228
3.947
4.068
4.046
3.716
3.987
3.932
4.075
3.791
3.980
3.725
4.188
3.718
3.775
3.959
4.010
3.930
3.941
3.803
3.886
3.878
3.827
4.154
4.069
5.567
4.800
3.814
4.466
3.699
3.851
3.850
4.201
4.081
4.050
3.840
3.945
3.612
4.202
4.372
3.823
4.095
3.966
3.810
4.074
3.632
3.710
4.426
4.052
4.036
4.248
3.733
3.857
4.138
3.922
4.106
3.852
4.567
3.741
3.806
4.216
4.070
3.868
3.732
4.466
4.096
3.980
4.130
3.978
4.080
4.099
3.610
3.994
3.986
4.307
4.075
3.964
3.587
4.088
4.024
3.830
3.911
3.984
3.539
3.869
4.144
3.767
4.153
4.038
3.819
3.676
4.075
4.050
3.814
3.993
3.911
4.033
3.665
4.172
3.974
3.889
4.281
3.475
4.007
4.173
4.247
3.791
4.727
3.795
3.965
4.188
4.426
3.929
4.618
5.167
4.186
3.802
3.653
3.796
4.236
4.064
3.937
3.941
3.978
4.165
4.268
4.390
3.574
3.731
4.474
4.188
4.646
3.825
3.808
4.790
3.848
3.789
3.820
3.965
4.589
4.277
3.734
3.954
4.671
4.457
3.829
4.301
4.207
4.042
4.251
4.080
4.327
3.753
3.829
4.265
3.977
3.974
3.831
4.571
3.783
4.561
4.667
4.216
4.879
4.562
4.328
3.971
4.572
4.666
4.852
3.824
4.158
4.211
3.590
4.665
3.847
4.872
4.894
5.184
5.083
4.577
4.519
4.311
4.454
5.735
5.266
4.678
5.043
5.041
5.456
4.431
5.519
4.797
5.110
6.429
5.511
5.451
5.482
5.228
6.257
5.708
5.992
6.192
5.012
5.639
5.625
6.267
5.128
5.854
5.979
6.268
5.319
5.456
4.888
5.562
6.310
4.938
5.818
5.587
4.963
5.282
5.308
5.566
5.794
5.308
5.251
5.016
4.736
6.284
6.243
5.728
5.677
5.735
5.373
5.849
5.803
6.167
5.589
5.478
4.512
4.335
4.957
4.058
6.186
6.318
4.670
4.755
4.273
4.657
4.913
6.103
6.255
5.817
5.686
6.586
6.017
5.235
4.312
4.418
4.382
4.047
4.712
4.278
4.265
5.207
4.881
3.998
4.604
3.973
4.604
4.285
4.635
3.946
3.811
4.390
4.075
4.312
4.061
4.756
4.071
4.278
3.804
3.687
4.498
4.883
4.473
4.048
5.079
4.185
3.926
4.310
3.958
3.743
3.815
4.244
3.830
4.178
3.832
3.826
3.759
4.183
4.667
3.600
4.291
4.288
4.154
4.626
4.214
3.979
3.743
3.639
3.808
4.066
3.676
3.997
3.810
3.847
3.893
4.061
3.912
3.859
4.063
3.708
3.935
4.180
4.090
4.300
3.712
3.708
4.024
3.727
3.535
3.798
3.829
4.397
4.007
3.600
3.998
4.644
4.477
3.914
3.794
3.858
3.653
3.861
3.632
3.658
3.695
3.803
3.727
3.611
3.949
3.786
3.741
3.872
3.724
4.237
3.625
3.828
4.136
3.849
3.780
3.914
3.961
4.058
3.549
3.829
3.713
3.512
4.537
4.132
4.547
4.207
4.209
4.478
3.957
4.219
4.136
3.686
3.816
3.741
3.626
3.611
3.664
3.787
3.627
4.075
3.612
3.897
3.844
3.756
3.993
4.235
4.211
4.089
3.872
4.552
3.880
3.631
3.997
3.673
3.677
4.690
3.862
5.045
4.853
3.867
4.214
4.597
3.830
3.678
3.719
3.834
3.746
3.919
3.470
3.610
3.962
3.977
4.492
3.866
3.708
3.825
4.275
4.044
4.312
3.594
3.733
3.805
3.971
3.474
4.386
3.651
3.604
4.357
4.688
4.322
5.428
5.463
5.817
3.926
4.699
3.572
3.818
4.063
3.586
3.745
3.582
3.598
3.823
4.282
4.227
4.284
6.249
6.234
6.241
5.213
5.348
5.615
5.938
4.241
4.745
4.420
3.709
3.927
3.794
4.161
3.590
3.849
3.821
3.556
3.716
3.631
3.473
3.876
3.659
3.464
3.816
3.679
3.833
3.742
3.720
3.579
3.489
