12.707
15.164
16.670
16.577
16.428
16.207
16.564
16.845
16.841
17.196
15.989
16.298
18.429
18.047
17.231
16.940
16.923
17.129
16.986
16.647
15.709
17.228
17.329
17.549
17.322
16.930
17.126
18.956
17.707
16.981
16.854
17.040
17.856
17.064
16.971
17.304
16.898
16.909
17.125
17.161
16.758
16.539
17.095
16.692
16.535
16.646
16.857
16.582
16.446
16.280
16.296
16.379
16.281
16.429
16.833
16.346
16.309
16.296
17.155
14.159
14.184
14.074
14.095
15.081
15.317
14.225
14.041
14.167
16.631
16.716
16.722
17.023
16.214
16.386
16.450
16.257
16.266
16.143
16.583
15.348
15.636
16.715
17.009
16.566
16.496
16.772
17.596
16.022
14.930
14.701
14.754
14.525
14.531
16.034
15.983
16.240
15.709
16.234
16.284
16.956
16.268
15.760
16.470
15.944
16.157
15.718
15.966
15.636
15.595
16.348
15.767
19.393
18.405
17.924
18.876
17.948
18.353
18.579
19.125
19.494
18.698
18.985
18.914
18.708
19.167
18.324
17.840
17.558
18.960
18.122
18.244
18.618
18.551
17.806
17.153
16.121
18.458
17.677
19.114
17.122
18.000
18.385
17.843
18.511
17.587
19.122
18.968
19.399
19.995
17.629
17.764
17.993
17.782
17.219
16.046
15.936
17.394
19.035
20.374
18.830
16.976
17.039
17.850
18.353
20.537
19.244
18.556
15.782
15.514
15.424
15.565
15.545
15.646
15.626
15.581
15.627
15.437
15.686
15.984
16.189
16.898
18.120
17.584
17.434
17.570
17.362
18.765
17.517
17.388
17.464
17.482
17.633
17.595
17.459
17.496
17.666
17.659
17.559
17.616
17.952
17.952
17.775
18.558
19.994
19.568
18.055
18.276
18.625
18.099
18.229
18.812
17.808
18.151
17.948
18.105
18.115
18.848
18.754
17.950
18.606
18.884
18.017
18.833
18.895
18.384
16.805
17.928
16.990
16.652
15.962
16.037
15.681
17.197
17.737
17.502
17.834
17.766
18.377
19.574
17.855
17.867
17.737
17.749
17.292
15.983
15.744
15.744
15.768
15.814
16.079
16.022
15.838
15.929
15.879
16.034
16.059
16.048
16.076
17.183
18.128
18.419
18.219
17.669
18.719
19.173
18.562
18.301
19.090
17.768
18.252
19.068
18.405
18.923
19.842
17.723
18.059
18.352
22.012
18.205
17.033
17.016
18.576
17.017
16.945
16.928
16.986
17.082
17.721
17.133
17.005
17.055
18.729
19.750
18.232
17.171
16.809
16.591
16.761
16.717
16.669
16.727
16.622
16.687
16.810
16.644
16.585
16.571
16.839
16.636
16.642
16.674
16.759
17.064
15.460
17.482
17.101
16.889
16.712
16.865
16.723
16.778
16.640
16.663
17.109
16.664
16.834
16.512
16.852
16.932
16.806
16.876
16.813
16.923
16.942
17.460
15.435
15.375
15.480
15.549
15.507
17.077
16.876
17.587
18.982
19.797
18.227
18.526
17.458
18.252
18.979
17.849
17.775
17.703
18.089
18.157
17.898
18.500
18.427
20.750
19.078
20.662
19.489
19.586
18.505
17.538
17.453
17.429
17.336
17.614
17.759
17.729
17.629
19.154
21.156
19.000
18.662
19.800
21.381
20.620
19.534
20.402
20.246
19.978
20.326
19.733
19.607
20.891
20.578
21.435
21.189
21.796
20.751
23.605
20.393
20.815
21.988
21.868
21.407
21.034
21.703
22.438
19.790
21.516
22.927
19.295
19.376
19.178
17.625
17.164
16.918
17.068
16.981
16.934
16.985
17.022
17.015
16.906
17.022
17.104
16.888
17.196
17.154
17.036
17.192
17.350
17.517
16.054
15.947
18.049
17.547
18.795
19.371
19.612
22.361
20.580
18.553
18.399
21.266
21.319
20.695
21.043
19.530
19.822
20.930
19.481
19.783
20.587
20.212
20.705
20.807
20.533
19.548
19.869
20.554
20.668
20.455
20.097
20.650
21.414
22.713
22.127
20.776
21.198
20.456
20.118
20.802
20.116
19.419
19.021
19.194
20.033
21.270
