-300.221
-720.340
-202.781
-291.753
9.892
-282.959
-214.815
-305.276
-47.640
-134.715
-103.904
-67.832
-271.733
-64.273
53.809
72.445
78.437
165.153
232.195
108.257
298.068
355.466
383.966
433.712
486.417
452.507
192.472
457.045
549.522
563.633
448.395
648.819
561.433
594.223
1037.372
761.111
987.356
927.342
697.646
1010.525
737.649
862.423
1250.359
1064.046
1294.059
1109.306
1459.724
1209.920
1413.621
1074.439
1529.825
1023.741
733.505
954.419
1371.907
764.577
997.221
1564.109
1923.573
1887.600
837.286
2078.300
1563.730
2064.128
1255.526
1880.381
1562.762
1389.944
2325.507
2345.510
1994.266
2021.669
2231.362
2190.042
2287.426
2530.028
2565.263
2088.976
2476.044
2312.666
2684.399
2423.508
2736.993
2419.775
2640.380
2062.385
2462.059
2592.858
3030.297
2786.821
2679.821
2682.510
2777.955
2734.012
2745.971
2613.112
2837.078
2952.621
2711.812
2689.358
3028.099
2306.502
2572.252
202.495
2829.350
2832.068
2897.764
2721.754
2851.962
2612.770
2807.471
2096.930
2920.807
2995.627
2736.379
2915.847
2821.843
2829.913
2608.392
2735.654
2680.964
3084.918
2384.215
3056.795
2723.047
2957.065
3158.557
2890.441
2939.819
2691.605
2917.439
3208.090
2963.350
2733.835
3083.416
2745.198
3141.806
2722.210
2801.781
3028.298
2707.649
3285.004
3348.931
2955.520
3254.616
3221.750
2888.827
2786.960
3343.126
3283.983
3181.110
2784.271
3053.127
3151.457
2739.785
3259.637
2982.998
3109.739
1179.857
3186.783
3060.402
3211.621
3156.503
3269.672
2569.357
2913.906
3045.139
2686.563
3133.835
3292.187
3332.010
3183.093
3279.571
3213.090
3149.189
3020.974
3336.591
3040.749
3245.694
2854.520
3213.681
3097.677
3220.347
3393.787
3055.501
3240.713
3209.194
3299.748
3111.515
2944.598
2820.980
3184.271
3082.757
2812.545
3246.533
3347.075
3189.072
3135.773
3191.500
1992.367
3428.040
2981.417
3301.132
2981.979
3326.552
3073.260
2952.976
3661.583
3099.675
3063.545
3003.680
3374.005
3057.431
3091.980
3234.359
2939.437
3413.413
3127.163
3120.511
3256.783
3110.523
3279.568
3067.575
3326.794
3411.906
3345.841
3179.574
3319.680
3247.374
3152.809
3256.759
3352.995
3311.476
3205.055
2991.847
3570.367
3242.472
3206.171
3014.287
3400.401
3230.607
3338.494
2871.543
997.084
3268.795
3371.225
2925.878
3304.932
3505.335
3455.731
3042.749
2672.220
3137.578
3384.219
3374.501
2968.378
3309.787
2574.173
3214.956
2694.720
3503.788
3372.129
3226.973
3239.724
2988.411
3448.171
3174.395
3197.537
3600.844
3356.874
3092.910
3321.251
2813.389
3106.486
3268.810
3259.992
3027.016
3344.310
3164.263
3501.787
2809.659
3283.690
3226.253
3095.170
2989.773
3437.313
3453.936
3452.502
3124.885
3392.403
3281.829
3309.421
3461.128
3224.926
2779.079
3524.268
3147.655
929.905
3276.028
3478.241
3136.102
3592.957
3422.872
3306.246
3298.484
2935.415
3124.865
3348.634
3573.406
2928.731
3392.232
3336.025
3218.827
3308.581
3394.276
3635.384
3475.379
3126.410
3414.057
3087.395
2961.475
3476.982
3085.980
3240.409
3484.070
3246.019
3065.212
3547.897
3374.946
3430.840
3824.799
3459.690
3331.554
3502.000
3075.555
3626.418
3482.456
3683.898
3662.146
3451.864
2998.880
3244.337
3207.572
3418.388
3446.854
1691.288
3419.481
3155.086
3350.679
3345.676
3944.358
3580.474
3492.891
3488.910
2891.169
3477.727
3159.698
3366.999
3526.409
3190.622
2731.021
3494.353
3220.572
3405.122
3291.150
3705.641
3748.041
3417.055
3483.819
3274.227
3915.815
3570.282
3329.539
3373.997
3463.313
3606.691
3052.548
3618.103
3047.109
3393.106
3694.673
3428.004
3703.125
3598.533
3312.518
3389.204
3572.203
3440.811
3408.214
2443.494
3494.688
3326.973
3535.211
3295.961
3431.584
3639.654
3302.075
3274.385
3187.336
3642.419
3032.747
3765.914
3700.913
3458.902
3432.991
3655.573
3426.554
3679.046
3542.727
3070.622
3003.023
3504.391
3708.412
3544.795
3142.736
1339.066
3474.304
3532.323
3504.237
3536.285
3372.106
3659.112
3792.413
3585.215
3248.569
3631.504
3377.797
3756.131
3448.496
1035.108
3499.292
2993.211
3624.711
3345.866
3541.453
3577.398
3515.339
3385.474
3359.890
3453.502
3525.240
3522.466
3413.087
3639.517
3417.142
3815.360
3546.127
3497.810
3402.580
3112.703
3624.364
3336.276
3557.246
3262.003
2852.514
3821.784
3683.302
3339.939
3536.942
3743.776
3281.379
3594.676
3418.716
3254.445
3660.756
3773.535
3866.316
3601.130
3277.178
3610.768
3234.343
3579.924
