1.315
0.320
0.278
0.261
0.308
0.334
0.322
0.298
0.233
0.348
0.371
0.246
0.281
0.232
0.334
0.265
0.351
0.417
0.277
0.315
0.320
0.320
0.324
0.244
0.303
0.304
0.311
0.343
0.336
0.420
0.323
0.279
0.422
0.257
0.238
0.315
0.316
0.404
0.295
0.355
0.361
0.282
0.365
0.290
0.286
0.385
0.367
0.303
0.367
0.268
0.326
0.305
0.305
0.356
0.268
0.339
0.245
0.306
0.344
0.317
0.308
0.333
0.292
0.298
0.337
0.324
0.432
0.233
0.258
0.336
0.385
0.350
0.290
0.278
0.361
0.330
0.273
0.350
0.298
0.346
0.419
0.315
0.293
0.348
0.384
0.300
0.328
0.317
0.367
0.314
0.422
0.312
0.433
0.473
0.407
0.438
0.472
0.459
0.429
0.420
0.691
0.536
0.422
0.443
0.289
0.430
0.394
0.303
0.264
0.310
0.386
0.305
0.332
0.324
0.371
0.387
0.358
0.371
0.351
0.360
0.378
0.384
0.414
0.358
0.343
0.293
0.361
0.336
0.289
0.313
0.380
0.289
0.366
0.343
0.376
0.344
0.291
0.350
0.297
0.292
0.448
0.398
0.365
0.361
0.332
0.386
0.460
0.498
0.571
0.438
0.612
0.479
0.415
0.520
0.656
0.548
0.469
0.510
0.392
0.373
0.445
0.367
0.309
0.462
0.391
0.358
0.361
0.345
0.385
0.377
0.361
0.314
0.403
0.301
0.389
0.429
0.281
0.361
0.302
0.349
0.410
0.283
0.348
0.328
0.389
0.263
0.299
0.295
0.330
0.313
0.474
0.356
0.316
0.348
0.368
0.407
0.311
0.343
0.377
0.321
0.407
0.322
0.341
0.480
0.341
0.431
0.341
0.316
0.353
0.340
0.423
0.289
0.377
0.357
0.325
0.386
0.383
0.311
0.329
0.337
0.488
0.493
0.287
0.350
0.353
0.338
0.356
0.363
0.344
0.312
0.455
0.370
0.341
0.279
0.305
0.309
0.505
0.344
0.303
0.286
0.407
0.295
0.347
0.366
0.328
0.272
0.274
0.411
0.302
0.264
0.318
0.411
0.355
0.372
0.374
0.306
0.375
0.310
0.480
0.295
0.396
0.400
0.373
0.497
0.350
0.392
0.431
0.407
0.507
0.437
0.509
0.421
0.443
0.446
0.375
0.381
0.434
0.546
0.575
0.477
0.579
0.436
0.444
0.413
0.358
0.342
0.327
0.380
0.361
0.358
0.381
0.433
0.282
0.330
0.413
0.351
0.372
0.343
0.410
0.376
0.510
0.391
0.290
0.450
0.418
0.547
0.324
0.313
0.379
0.310
0.420
0.361
0.355
0.336
0.268
0.377
0.374
0.436
0.380
0.388
0.436
0.351
0.428
0.416
0.365
0.379
0.428
0.353
0.396
0.395
0.364
0.534
0.360
0.440
0.360
0.405
0.351
0.591
0.328
0.284
0.357
0.371
0.410
0.375
0.338
0.346
0.327
0.446
0.320
0.455
0.408
0.372
0.428
0.328
0.492
0.331
0.299
0.308
0.418
0.345
0.339
0.408
0.396
0.393
0.357
0.392
0.305
0.376
0.433
0.410
0.481
0.331
0.479
0.425
0.324
0.380
0.297
0.339
0.353
0.461
0.369
0.376
0.514
0.291
0.485
0.332
0.443
0.333
0.354
0.454
0.635
0.389
0.327
0.347
0.448
0.443
0.418
0.308
0.422
0.406
0.558
0.437
0.366
0.359
0.371
0.461
0.295
0.370
0.393
0.270
0.434
0.481
0.427
0.464
0.486
0.419
0.448
0.330
0.543
0.453
0.488
0.476
0.523
0.365
0.429
0.440
0.468
0.460
0.359
0.434
0.458
0.466
0.613
0.533
0.277
0.372
0.417
0.457
0.531
0.379
0.470
0.341
0.417
0.348
0.559
0.467
0.348
0.635
0.656
0.585
0.475
0.377
0.442
0.408
0.320
0.585
0.384
0.575
0.676
0.442
0.395
0.374
0.398
0.531
0.389
0.336
0.518
0.439
0.361
0.614
0.359
0.474
0.441
0.335
0.395
0.418
0.276
0.363
0.394
0.394
0.707
0.367
0.532
0.638
0.542
0.498
0.330
0.390
0.322
0.643
0.371
0.622
0.585
0.304
0.483
0.437
0.522
0.433
0.637
0.625
0.749
0.627
0.608
0.639
0.619
0.675
0.642
0.522
0.629
0.543
0.576
0.532
0.428
0.657
0.654
0.350
0.568
0.651
0.490
0.581
0.525
0.700
0.645
0.543
0.648
0.613
0.665
0.701
0.659
0.433
0.599
0.479
0.700
0.636
0.580
0.591
0.657
0.693
0.599
0.621
0.564
0.644
0.705
0.645
0.610
0.605
0.619
0.618
0.524
0.603
0.655
0.564
0.625
0.683
0.533
0.566
0.520
0.496
0.695
0.490
0.556
0.573
0.570
0.463
0.518
0.544
0.565
0.468
0.486
0.560
0.640
0.519
0.401
0.636
0.645
0.646
0.592
0.641
0.630
0.720
0.665
0.598
0.620
0.651
0.676
0.628
0.614
0.612
0.671
0.660
0.736
0.602
0.628
0.622
0.613
0.651
0.644
0.651
0.521
0.635
0.693
0.559
0.603
0.607
0.510
0.724
0.578
0.615
0.651
0.604
0.752
0.612
0.645
0.588
0.615
0.335
0.712
0.661
0.617
0.631
0.713
0.667
0.612
0.615
0.629
0.650
0.710
0.682
0.657
0.729
0.738
0.676
0.435
0.630
0.634
0.611
0.592
0.710
0.602
0.610
0.711
0.691
0.747
0.647
0.679
0.631
0.559
0.380
0.728
0.601
0.512
0.676
0.540
0.606
0.662
0.612
0.444
0.552
0.685
0.692
0.547
0.665
0.610
0.696
0.655
0.653
0.621
0.329
0.486
0.712
0.392
0.660
0.621
0.651
0.411
0.680
0.423
0.656
0.352
0.725
0.697
0.380
0.519
0.674
0.500
0.652
0.345
0.411
0.405
0.358
0.462
0.640
0.639
0.341
0.692
0.711
0.357
0.452
0.497
0.323
0.592
0.558
0.676
0.479
0.333
0.450
0.342
0.631
0.384
0.489
0.441
0.339
0.534
0.472
0.649
0.387
0.450
0.611
0.501
0.357
0.467
0.591
0.490
0.502
0.553
0.597
0.518
0.589
0.530
0.658
0.431
0.484
0.624
0.540
0.505
0.492
0.618
0.661
0.365
0.654
0.636
0.514
0.663
0.571
0.673
0.501
0.610
0.564
0.531
0.561
0.684
0.524
0.350
0.708
0.683
0.663
0.603
0.633
0.728
0.590
0.739
0.612
0.645
0.706
0.665
0.663
0.622
0.651
0.521
0.729
0.664
0.643
0.644
0.671
0.440
0.622
0.667
0.608
0.622
0.727
0.676
0.683
0.530
0.659
0.727
0.641
0.487
0.596
0.660
0.455
0.744
0.541
0.686
0.420
0.703
0.731
0.681
0.634
0.633
0.651
