30.000
25.000
20.000
24.000
46.000
19.000
22.000
18.000
9.000
27.000
11.000
23.000
29.000
12.000
23.000
15.000
9.000
72.000
18.000
20.000
20.000
16.000
25.000
12.000
12.000
18.000
13.000
18.000
34.000
51.000
19.000
20.000
44.000
12.000
16.000
14.000
11.000
34.000
17.000
45.000
12.000
10.000
15.000
20.000
14.000
47.000
77.000
46.000
38.000
22.000
14.000
25.000
24.000
27.000
15.000
34.000
11.000
12.000
22.000
19.000
12.000
35.000
17.000
13.000
17.000
13.000
83.000
12.000
21.000
11.000
10.000
38.000
27.000
17.000
15.000
41.000
18.000
18.000
25.000
14.000
24.000
22.000
16.000
24.000
15.000
23.000
20.000
14.000
32.000
22.000
20.000
13.000
33.000
49.000
25.000
23.000
25.000
19.000
22.000
31.000
17.000
38.000
15.000
17.000
12.000
47.000
44.000
34.000
12.000
30.000
10.000
15.000
12.000
18.000
42.000
50.000
12.000
22.000
35.000
40.000
28.000
24.000
56.000
33.000
22.000
19.000
26.000
16.000
15.000
31.000
19.000
14.000
11.000
12.000
20.000
36.000
26.000
13.000
22.000
12.000
15.000
53.000
13.000
31.000
25.000
18.000
22.000
39.000
47.000
36.000
24.000
13.000
16.000
26.000
40.000
15.000
18.000
18.000
15.000
38.000
35.000
41.000
10.000
16.000
24.000
10.000
16.000
14.000
30.000
27.000
9.000
16.000
20.000
15.000
15.000
51.000
20.000
18.000
10.000
12.000
20.000
17.000
21.000
21.000
20.000
15.000
26.000
14.000
16.000
17.000
29.000
21.000
20.000
14.000
32.000
18.000
17.000
18.000
25.000
23.000
13.000
17.000
11.000
70.000
20.000
35.000
18.000
19.000
15.000
17.000
34.000
13.000
21.000
20.000
30.000
43.000
23.000
13.000
32.000
33.000
75.000
72.000
11.000
24.000
19.000
18.000
18.000
58.000
30.000
21.000
58.000
24.000
40.000
22.000
26.000
26.000
98.000
19.000
24.000
13.000
27.000
34.000
24.000
56.000
42.000
30.000
18.000
39.000
27.000
22.000
15.000
62.000
35.000
30.000
40.000
11.000
32.000
18.000
75.000
21.000
30.000
17.000
15.000
36.000
14.000
22.000
41.000
24.000
54.000
40.000
54.000
33.000
48.000
29.000
14.000
21.000
41.000
55.000
61.000
29.000
24.000
20.000
14.000
40.000
30.000
51.000
29.000
52.000
47.000
27.000
23.000
89.000
31.000
38.000
37.000
45.000
43.000
42.000
57.000
31.000
39.000
48.000
15.000
64.000
72.000
109.000
33.000
35.000
30.000
20.000
20.000
29.000
45.000
36.000
22.000
17.000
35.000
61.000
72.000
36.000
20.000
34.000
62.000
68.000
45.000
48.000
30.000
37.000
62.000
57.000
28.000
128.000
62.000
73.000
48.000
63.000
31.000
136.000
53.000
15.000
26.000
43.000
37.000
43.000
51.000
37.000
12.000
50.000
28.000
88.000
52.000
73.000
47.000
17.000
95.000
24.000
16.000
17.000
27.000
39.000
17.000
74.000
44.000
35.000
39.000
58.000
21.000
48.000
44.000
62.000
101.000
29.000
83.000
58.000
42.000
51.000
28.000
28.000
48.000
65.000
42.000
58.000
119.000
24.000
81.000
33.000
93.000
29.000
41.000
63.000
155.000
74.000
42.000
49.000
42.000
93.000
67.000
11.000
61.000
56.000
87.000
71.000
62.000
52.000
60.000
75.000
18.000
26.000
49.000
13.000
14.000
93.000
99.000
74.000
105.000
35.000
75.000
25.000
122.000
107.000
54.000
111.000
130.000
24.000
71.000
61.000
64.000
92.000
28.000
70.000
56.000
69.000
163.000
136.000
10.000
61.000
56.000
57.000
128.000
45.000
80.000
33.000
61.000
54.000
141.000
90.000
43.000
161.000
196.000
160.000
65.000
56.000
114.000
63.000
42.000
185.000
71.000
149.000
200.000
87.000
51.000
67.000
58.000
106.000
54.000
50.000
124.000
89.000
68.000
154.000
32.000
124.000
89.000
38.000
38.000
67.000
23.000
25.000
41.000
49.000
200.000
56.000
144.000
200.000
143.000
124.000
30.000
49.000
40.000
200.000
23.000
200.000
177.000
47.000
112.000
63.000
121.000
85.000
200.000
200.000
200.000
200.000
196.000
200.000
200.000
187.000
200.000
123.000
175.000
160.000
129.000
156.000
94.000
200.000
200.000
64.000
127.000
200.000
125.000
177.000
132.000
200.000
200.000
146.000
200.000
200.000
200.000
200.000
200.000
96.000
148.000
130.000
200.000
200.000
163.000
165.000
200.000
200.000
200.000
200.000
152.000
200.000
200.000
200.000
200.000
200.000
200.000
179.000
105.000
200.000
200.000
158.000
193.000
188.000
136.000
159.000
149.000
119.000
200.000
134.000
144.000
160.000
165.000
89.000
127.000
141.000
148.000
123.000
138.000
110.000
179.000
124.000
83.000
200.000
166.000
200.000
168.000
200.000
182.000
200.000
200.000
200.000
200.000
200.000
200.000
200.000
200.000
200.000
200.000
200.000
200.000
200.000
200.000
200.000
200.000
200.000
200.000
200.000
122.000
200.000
196.000
169.000
167.000
166.000
139.000
200.000
162.000
173.000
195.000
180.000
200.000
189.000
200.000
153.000
200.000
22.000
200.000
200.000
170.000
200.000
200.000
200.000
178.000
200.000
200.000
200.000
196.000
169.000
200.000
200.000
200.000
200.000
33.000
200.000
200.000
200.000
200.000
200.000
180.000
171.000
200.000
200.000
200.000
200.000
200.000
200.000
147.000
42.000
200.000
170.000
99.000
200.000
155.000
141.000
199.000
200.000
111.000
142.000
195.000
200.000
114.000
200.000
200.000
200.000
200.000
200.000
180.000
30.000
110.000
200.000
30.000
200.000
200.000
200.000
49.000
200.000
79.000
200.000
40.000
195.000
200.000
53.000
113.000
200.000
92.000
200.000
22.000
49.000
45.000
24.000
34.000
200.000
200.000
51.000
200.000
200.000
42.000
100.000
103.000
25.000
111.000
129.000
200.000
124.000
38.000
58.000
25.000
177.000
59.000
116.000
31.000
17.000
128.000
93.000
200.000
63.000
48.000
169.000
134.000
29.000
62.000
122.000
110.000
104.000
121.000
166.000
128.000
135.000
119.000
189.000
43.000
118.000
154.000
152.000
128.000
129.000
200.000
196.000
35.000
200.000
181.000
115.000
168.000
160.000
200.000
132.000
200.000
129.000
101.000
159.000
200.000
148.000
34.000
200.000
200.000
200.000
160.000
200.000
200.000
145.000
200.000
200.000
200.000
200.000
200.000
200.000
164.000
200.000
126.000
200.000
200.000
200.000
200.000
200.000
44.000
182.000
200.000
175.000
177.000
200.000
181.000
200.000
132.000
200.000
200.000
200.000
119.000
162.000
200.000
70.000
200.000
151.000
200.000
58.000
200.000
200.000
200.000
200.000
200.000
200.000
