0.881
0.250
0.334
0.299
0.271
0.284
0.291
0.274
0.320
0.305
0.328
0.270
0.260
0.313
0.278
0.300
0.273
0.277
0.346
0.319
0.365
0.248
0.418
0.320
0.419
0.374
0.487
0.393
0.363
0.373
0.458
0.429
0.346
0.473
0.391
0.434
0.418
0.435
0.331
0.371
0.401
0.331
0.480
0.333
0.373
0.358
0.354
0.380
0.327
0.380
0.502
0.331
0.469
0.495
0.393
0.500
0.427
0.377
0.474
0.694
0.704
0.488
0.588
0.702
0.595
0.566
0.932
0.999
0.665
0.612
0.942
0.804
0.778
0.818
1.529
0.575
0.664
0.579
0.967
0.854
0.732
0.568
0.527
0.764
0.706
0.582
0.660
0.596
0.632
0.573
0.797
0.525
0.832
0.493
0.530
0.467
0.734
0.557
0.682
0.485
0.825
0.472
0.764
0.662
1.202
0.509
0.642
0.564
0.659
0.690
0.671
1.206
0.564
0.610
1.094
0.805
0.770
0.619
0.951
0.982
0.640
0.485
0.752
0.670
0.856
0.740
0.804
0.961
1.315
0.799
0.777
1.487
0.971
0.882
0.842
1.379
1.095
0.587
0.991
0.899
0.849
1.016
0.809
1.651
1.284
0.739
1.245
1.282
1.207
1.504
1.484
1.281
1.301
1.726
1.206
1.200
1.264
1.573
1.567
1.244
1.419
1.274
1.519
1.659
1.649
1.357
1.367
1.811
1.482
2.083
1.893
2.060
1.877
2.181
2.488
2.393
2.589
2.274
1.931
2.226
2.090
2.261
1.941
2.151
2.031
2.260
2.176
2.220
2.286
2.233
2.221
2.397
2.233
2.125
2.225
2.309
2.234
2.319
2.207
2.360
2.253
2.232
2.326
2.272
2.237
2.345
2.308
2.318
2.259
2.240
2.297
2.267
2.311
2.449
2.152
2.217
2.230
2.271
2.299
2.267
2.156
2.085
2.144
2.362
2.214
