14.000
14.000
34.000
23.000
13.000
15.000
27.000
29.000
20.000
25.000
19.000
38.000
22.000
16.000
16.000
21.000
29.000
21.000
38.000
12.000
18.000
21.000
28.000
10.000
18.000
17.000
34.000
24.000
18.000
15.000
22.000
25.000
17.000
36.000
14.000
29.000
23.000
28.000
11.000
14.000
11.000
13.000
31.000
9.000
19.000
9.000
16.000
15.000
12.000
21.000
25.000
11.000
32.000
37.000
19.000
31.000
26.000
21.000
41.000
67.000
58.000
38.000
59.000
67.000
54.000
53.000
102.000
121.000
67.000
57.000
102.000
76.000
83.000
91.000
200.000
40.000
58.000
48.000
96.000
92.000
63.000
41.000
43.000
82.000
64.000
48.000
58.000
46.000
56.000
45.000
78.000
48.000
85.000
35.000
46.000
37.000
76.000
40.000
66.000
43.000
93.000
40.000
73.000
53.000
134.000
39.000
54.000
45.000
50.000
64.000
54.000
135.000
48.000
44.000
104.000
81.000
75.000
57.000
92.000
111.000
51.000
36.000
74.000
52.000
87.000
69.000
66.000
77.000
90.000
53.000
53.000
118.000
65.000
64.000
72.000
132.000
116.000
53.000
99.000
71.000
63.000
109.000
58.000
146.000
119.000
60.000
105.000
104.000
67.000
109.000
110.000
108.000
73.000
118.000
79.000
90.000
93.000
122.000
145.000
105.000
109.000
90.000
126.000
134.000
148.000
113.000
127.000
164.000
145.000
200.000
187.000
200.000
193.000
200.000
200.000
200.000
200.000
184.000
157.000
200.000
179.000
200.000
169.000
192.000
173.000
200.000
180.000
191.000
200.000
200.000
200.000
200.000
200.000
190.000
200.000
200.000
200.000
200.000
200.000
200.000
200.000
200.000
200.000
200.000
200.000
200.000
200.000
200.000
200.000
200.000
200.000
200.000
200.000
200.000
200.000
200.000
200.000
200.000
200.000
200.000
200.000
200.000
200.000
200.000
200.000
