4.434
0.311
0.303
0.301
0.347
0.299
0.289
0.305
0.275
0.296
0.300
0.288
0.316
0.333
0.290
0.230
0.246
0.242
0.246
0.247
0.365
0.242
0.239
0.233
0.228
0.281
0.230
0.227
0.252
0.260
0.360
0.262
0.235
0.239
0.265
0.290
0.259
0.258
0.247
0.234
0.371
0.249
0.256
0.252
0.251
0.246
0.295
0.232
0.313
0.300
0.365
0.341
0.284
0.321
0.282
0.297
0.340
0.288
0.248
0.218
0.284
0.231
0.294
0.267
0.233
0.251
0.235
0.277
0.244
0.233
0.285
0.318
0.359
0.351
0.252
0.237
0.234
0.240
0.327
0.237
0.314
0.237
0.262
0.308
0.243
0.238
0.250
0.255
0.314
0.238
0.311
0.282
0.321
0.347
0.296
0.253
0.236
0.232
0.352
0.286
0.334
0.382
0.290
0.305
0.379
0.317
0.290
0.292
0.342
0.332
0.365
0.321
0.303
0.310
0.355
0.306
0.289
0.306
0.272
0.235
0.360
0.301
0.274
0.226
0.245
0.294
0.242
0.245
0.240
0.259
0.352
0.302
0.258
0.226
0.285
0.285
0.273
0.240
0.237
0.280
0.360
0.243
0.276
0.242
0.249
0.245
0.309
0.259
0.251
0.232
0.307
0.315
0.240
0.250
0.279
0.245
0.309
0.260
0.258
0.252
0.365
0.335
0.264
0.259
0.253
0.265
0.266
0.329
0.260
0.256
0.319
0.261
0.317
0.264
0.274
0.272
0.256
0.323
0.259
0.281
0.329
0.253
0.396
0.319
0.330
0.308
0.341
0.281
0.320
0.275
0.374
0.303
0.246
0.313
0.255
0.257
0.276
0.275
0.310
0.249
0.326
0.304
0.261
0.310
0.256
0.263
0.304
0.263
0.281
0.319
0.322
0.319
0.336
0.333
0.407
0.329
0.324
0.355
0.343
0.388
0.412
0.325
0.327
0.328
0.399
0.279
0.285
0.281
0.316
0.307
0.419
0.297
0.325
0.311
0.278
0.301
0.246
0.240
0.273
0.255
0.379
0.296
0.321
0.298
0.313
0.331
0.327
0.242
0.243
0.259
0.316
0.294
0.248
0.258
0.266
0.249
0.322
0.246
0.256
0.242
0.328
0.317
0.259
0.284
0.259
0.262
0.264
0.305
0.305
0.352
0.450
0.244
0.299
0.257
0.259
0.251
0.248
0.313
0.269
0.274
0.334
0.310
0.318
0.245
0.263
0.252
0.245
0.247
0.314
0.242
0.324
0.318
0.339
0.331
0.242
0.256
0.260
0.265
0.332
0.265
0.322
0.274
0.276
0.304
0.255
0.261
0.261
0.257
0.277
0.386
0.318
0.330
0.319
0.333
0.348
0.256
0.267
0.253
0.263
0.317
0.359
0.248
0.282
0.256
0.364
0.326
0.285
0.274
0.258
0.261
0.369
0.289
0.282
0.266
0.255
0.319
0.251
0.263
0.263
0.259
0.408
0.331
0.329
0.318
0.277
0.311
0.257
0.251
0.310
0.313
0.457
0.329
0.327
0.388
0.291
0.265
0.317
0.280
0.285
0.261
0.321
0.366
0.349
0.387
0.259
0.269
0.320
0.295
0.263
0.257
0.319
0.331
0.272
0.264
0.276
0.288
0.286
0.318
0.251
0.255
0.327
0.345
0.339
0.255
0.258
0.257
0.259
0.314
0.290
0.276
0.324
0.334
0.337
0.283
0.274
0.262
0.259
0.269
0.331
0.279
0.327
0.265
0.280
0.322
0.278
0.270
0.275
0.264
0.332
0.350
0.333
0.272
0.263
0.340
0.278
0.272
0.292
0.274
0.262
0.319
0.334
0.339
0.336
0.342
0.393
0.338
0.336
0.340
0.348
0.407
0.427
0.330
0.343
0.294
0.358
0.360
0.330
0.355
0.327
0.340
0.446
0.365
0.315
0.275
0.292
0.327
0.269
0.287
0.267
0.272
0.408
0.257
0.278
0.260
0.369
0.336
0.380
0.245
0.243
0.257
0.332
0.353
0.251
0.267
0.263
0.256
0.318
0.250
0.271
0.259
0.330
0.311
0.343
0.245
0.267
0.251
0.258
0.315
0.279
0.251
0.345
0.298
0.336
0.343
0.264
0.250
0.255
0.254
0.292
0.246
0.349
0.315
0.335
0.348
0.345
0.264
0.264
0.270
0.253
0.329
0.345
0.266
0.258
0.253
0.326
0.255
0.256
0.291
0.322
0.331
0.382
0.324
0.355
0.356
0.311
0.382
0.328
0.348
0.270
0.262
0.373
0.370
0.336
0.333
0.344
0.385
0.326
0.334
0.268
0.257
0.372
0.268
0.258
0.277
0.262
0.268
0.322
0.269
0.292
0.374
0.389
0.393
0.248
0.277
0.305
0.355
0.324
0.270
0.277
0.261
0.329
0.356
0.276
0.259
0.354
0.314
0.350
0.379
0.264
0.256
0.369
0.264
0.406
0.275
0.257
0.268
0.276
0.314
0.265
0.252
0.326
0.312
0.320
0.257
0.271
0.335
0.286
0.269
0.349
0.361
0.320
0.331
0.329
0.388
0.336
0.320
0.339
0.339
0.336
0.269
0.311
0.335
0.332
0.341
0.260
0.258
0.282
0.262
0.272
0.325
0.314
0.283
0.264
0.276
0.305
0.301
0.338
0.336
0.330
0.381
0.417
0.287
0.310
0.262
0.336
0.289
0.272
0.265
0.262
0.288
0.393
0.331
0.307
0.278
0.271
0.400
0.331
0.331
0.343
0.336
0.453
0.326
0.335
0.281
0.305
0.371
0.353
0.337
0.296
0.276
0.430
0.283
0.274
0.270
0.277
0.256
0.326
0.270
0.274
0.260
0.340
0.358
0.258
0.265
0.280
0.273
0.323
0.309
0.313
0.267
0.326
0.336
0.276
0.265
0.272
0.283
0.309
0.402
0.386
0.343
0.345
0.292
0.312
0.292
0.294
0.287
0.296
0.327
0.278
0.348
0.419
0.344
0.363
0.284
0.277
0.258
0.270
0.299
0.356
0.272
0.329
0.349
0.340
0.348
0.285
0.293
0.263
0.267
0.334
0.290
0.326
0.307
0.353
0.357
0.306
0.271
0.295
0.284
0.273
0.371
0.340
0.343
0.344
0.341
0.359
0.303
0.263
0.283
0.339
0.392
0.334
0.362
0.268
0.280
0.323
0.303
0.272
0.280
0.287
0.274
0.386
0.263
0.265
0.262
0.279
0.334
0.265
0.280
0.273
0.283
0.386
0.278
0.310
0.287
0.349
0.353
0.285
0.296
0.274
0.285
0.402
0.270
0.278
0.267
0.297
0.270
0.329
0.297
0.284
0.275
0.330
0.330
0.283
0.276
0.334
0.317
0.325
0.286
0.264
0.290
0.331
0.405
0.379
0.282
0.292
0.283
0.271
0.334
0.300
0.288
0.348
0.263
0.323
0.284
0.281
0.296
0.279
0.325
0.273
0.282
0.332
0.362
0.376
0.350
0.352
0.344
0.370
0.331
0.391
0.358
0.438
0.353
0.270
0.326
0.298
0.278
0.283
0.273
0.348
0.273
0.345
0.313
0.367
0.410
0.403
0.338
0.353
0.341
0.397
0.394
0.424
0.334
0.349
0.350
0.414
0.353
0.347
0.373
0.361
0.387
0.436
0.370
0.367
0.343
0.410
0.378
0.358
0.385
0.351
0.388
0.468
0.362
0.379
0.357
0.337
0.395
0.364
0.355
0.321
0.275
0.405
0.265
0.289
0.306
0.293
0.415
0.353
0.346
0.312
0.285
0.426
0.343
0.309
0.334
0.284
0.288
0.337
0.292
0.287
0.288
0.366
0.363
0.299
0.307
0.279
0.283
0.331
0.283
0.286
0.280
0.339
0.408
0.360
0.374
0.351
0.364
0.269
0.358
0.357
0.324
0.359
0.355
0.399
0.317
0.338
0.350
0.362
0.434
0.346
0.387
0.335
0.272
0.351
0.258
0.264
0.284
0.273
0.266
0.426
0.260
0.330
0.261
0.259
0.333
0.272
0.274
0.287
0.318
0.391
0.341
0.387
0.264
0.269
0.250
0.347
0.360
0.317
0.331
0.338
0.383
0.422
0.253
0.270
0.268
0.271
0.316
0.253
0.268
0.315
0.272
0.383
0.333
0.337
0.336
0.390
0.339
0.432
0.343
0.269
0.264
0.330
0.313
0.260
0.273
0.294
0.329
0.393
0.347
0.353
0.268
0.331
0.303
0.339
0.275
0.264
0.284
0.277
0.332
0.323
0.272
0.357
0.320
0.347
0.345
0.302
0.347
0.334
0.325
0.345
0.328
0.327
0.257
0.265
0.267
0.412
0.335
0.331
0.292
0.274
0.319
0.375
0.270
0.263
0.270
0.329
0.359
0.287
0.287
0.264
0.277
0.393
0.287
0.328
0.297
0.333
0.440
0.271
0.268
0.296
0.289
0.396
0.268
0.348
0.367
0.444
0.275
0.348
0.273
0.321
0.351
0.417
0.332
0.282
0.276
0.277
0.258
0.325
0.280
0.322
0.369
0.409
0.324
0.278
0.267
0.306
0.293
0.312
0.348
0.324
0.371
0.415
0.401
0.420
0.252
0.275
0.307
0.259
0.333
0.302
0.272
0.360
0.280
0.323
0.313
0.274
0.287
0.272
0.263
0.347
0.313
0.414
0.342
0.302
0.332
0.264
0.270
0.272
0.292
0.330
0.277
0.337
0.296
0.290
0.315
0.327
0.333
0.406
0.270
0.318
0.351
0.335
0.291
0.345
0.364
0.388
0.365
0.364
0.333
0.355
0.392
0.450
0.346
0.350
0.279
0.325
0.287
0.276
0.311
0.349
0.336
0.427
0.264
0.314
0.371
0.336
0.374
0.273
0.277
0.330
0.356
0.453
0.331
0.339
0.329
0.328
0.402
0.362
0.348
0.350
0.380
0.465
0.365
0.276
0.286
0.280
0.298
0.357
0.298
0.305
0.353
0.415
0.450
0.329
0.369
0.269
0.262
0.345
0.321
0.360
0.403
0.416
0.358
0.344
0.357
0.330
0.356
0.352
0.410
0.369
0.399
0.416
0.272
0.367
0.438
0.391
0.328
0.268
0.333
0.280
0.279
0.356
0.315
0.343
0.281
0.267
0.288
0.329
0.263
0.332
0.288
0.357
0.348
0.344
0.390
0.276
0.336
0.357
0.355
0.373
0.307
0.375
0.270
0.293
0.395
0.284
0.275
0.278
0.318
0.336
0.402
0.414
0.409
0.275
0.322
0.418
0.380
0.372
0.355
0.397
0.394
0.432
0.284
0.358
0.354
0.400
0.273
0.315
0.403
0.355
0.349
0.432
0.346
0.366
0.355
0.379
0.381
0.324
0.328
0.289
0.306
0.436
0.353
0.361
0.394
0.362
0.418
0.348
0.359
0.361
0.296
0.418
0.343
0.302
0.333
0.294
0.289
0.334
0.360
0.272
0.277
0.412
0.372
0.364
0.278
0.311
0.363
0.412
0.413
0.303
0.290
0.465
0.404
0.386
0.278
0.368
0.345
0.352
0.399
0.422
0.292
0.349
0.303
0.425
0.266
0.287
0.290
0.311
0.359
0.271
0.343
0.417
0.393
0.343
0.296
0.301
0.276
0.294
0.307
0.338
0.298
0.368
0.328
0.423
0.429
0.292
0.279
0.274
0.282
0.360
0.400
0.335
0.327
0.341
0.384
0.317
0.287
0.368
0.428
0.347
0.457
0.488
0.391
0.366
0.359
0.376
0.327
0.398
0.342
0.410
0.438
0.425
0.331
0.328
0.296
0.339
0.282
0.331
0.367
0.282
0.363
0.467
0.344
0.280
0.291
0.293
0.382
0.346
0.272
0.310
0.385
0.473
0.276
0.296
0.313
0.387
0.332
0.293
0.332
0.306
0.407
0.478
0.439
0.376
0.363
0.376
0.297
0.384
0.350
0.366
0.360
0.387
0.453
0.306
0.382
0.389
0.314
0.366
0.319
0.363
0.290
0.353
0.378
0.358
0.387
0.329
0.318
0.314
0.449
0.351
0.362
0.401
0.301
0.394
0.296
0.333
0.291
0.470
0.378
0.288
0.317
0.361
0.294
0.349
0.301
0.293
0.290
0.275
0.322
0.424
0.401
0.447
0.357
0.299
0.342
0.344
0.306
0.325
0.327
0.368
0.284
0.349
0.295
0.281
0.348
0.327
0.327
0.359
0.369
0.372
0.471
0.434
0.348
0.307
0.415
0.395
0.284
0.356
0.326
0.312
0.423
0.523
0.369
0.460
0.352
0.416
0.298
0.312
0.409
0.375
0.434
0.500
0.367
0.360
0.375
0.342
0.420
0.351
0.343
0.493
0.365
0.574
0.323
0.409
0.438
0.342
0.464
0.429
0.313
0.392
0.395
0.434
0.341
0.388
0.370
0.396
0.384
0.510
0.390
0.404
0.374
0.437
0.402
0.379
0.420
0.363
0.375
0.423
0.427
0.362
0.368
0.451
0.438
0.391
0.315
0.357
0.409
0.365
0.488
0.441
0.435
0.444
0.397
0.450
0.384
0.373
0.322
0.336
0.388
0.390
0.385
0.421
0.327
0.473
0.433
0.383
0.381
0.441
0.549
0.421
0.430
0.450
0.348
0.397
0.437
0.363
0.343
0.345
0.431
0.421
0.435
0.439
0.388
0.317
0.449
0.302
0.377
0.297
0.417
0.398
0.427
0.432
0.359
0.405
0.290
0.456
0.328
0.443
0.388
0.446
0.376
0.483
0.396
0.358
0.398
0.435
0.373
0.401
0.458
0.428
0.460
0.509
0.495
0.379
0.379
0.382
0.488
0.431
0.415
0.428
0.383
0.477
0.427
0.448
0.397
0.374
0.418
0.321
0.394
0.548
0.379
0.513
0.363
0.299
0.425
0.317
0.368
0.406
0.317
0.346
0.335
0.385
0.367
0.314
0.404
0.306
0.380
0.456
0.351
0.279
0.361
0.501
0.359
0.308
0.306
0.311
0.382
0.368
0.481
0.435
0.369
0.436
0.404
0.441
0.357
0.306
0.344
0.415
0.345
0.364
0.341
0.472
0.395
0.357
0.319
0.386
0.412
0.399
0.318
0.347
0.351
0.479
0.425
0.399
0.437
0.418
0.402
0.372
0.409
0.456
0.404
0.534
0.429
0.392
0.416
0.433
0.476
0.448
0.375
0.324
0.467
0.450
0.367
0.306
0.388
0.496
0.291
0.314
0.321
0.341
0.403
0.448
0.326
0.368
0.377
0.382
0.351
0.388
0.322
0.313
0.327
0.430
0.434
0.400
0.408
0.437
0.435
0.416
0.472
0.426
0.430
0.583
0.379
0.430
0.387
0.398
0.397
0.385
0.502
0.371
0.382
0.483
0.532
0.379
0.301
0.488
0.333
0.425
0.485
0.360
0.430
0.500
0.474
0.411
0.391
0.456
0.319
0.433
0.382
0.385
0.335
0.411
0.516
0.338
0.337
0.384
0.320
0.331
0.514
0.393
0.472
0.500
0.306
0.421
0.434
0.403
0.429
0.431
0.393
0.372
0.356
0.451
0.372
0.488
0.287
0.382
0.451
0.419
0.475
0.503
0.407
0.414
0.383
0.435
0.367
0.330
0.316
0.440
0.444
0.440
0.349
0.479
0.433
0.362
0.459
0.374
0.319
0.364
0.331
0.412
0.432
0.358
0.289
0.357
0.404
0.362
0.424
0.378
0.389
0.426
0.431
0.525
0.382
0.420
0.347
0.551
0.418
0.510
0.431
0.350
0.426
0.437
0.520
0.422
0.429
0.472
0.376
0.350
0.316
0.394
0.400
0.441
0.370
0.468
0.456
0.395
0.480
0.422
0.389
0.371
0.449
0.541
0.500
0.543
0.421
0.408
0.379
0.469
0.387
0.439
0.415
0.578
0.474
0.499
0.533
0.372
0.439
0.441
0.384
0.442
0.457
0.618
0.532
0.318
0.467
0.486
0.425
0.406
0.463
0.327
0.484
0.531
0.388
0.507
0.431
0.326
0.396
0.411
0.512
0.378
0.455
0.374
0.499
0.361
0.501
0.342
0.338
0.325
0.437
0.456
0.451
0.491
0.417
0.439
0.562
0.449
0.423
0.500
0.498
0.497
0.412
0.456
0.379
0.420
0.540
0.591
0.419
0.409
0.384
0.446
0.509
0.562
0.418
0.326
0.437
0.528
0.376
0.477
0.304
0.426
0.441
0.497
0.325
0.502
0.405
0.555
0.364
0.438
0.618
0.298
0.329
0.626
0.453
0.357
0.382
0.466
0.365
0.366
0.515
0.470
0.416
0.557
0.384
0.362
0.488
0.422
0.568
0.308
0.416
0.522
0.348
0.664
0.581
0.410
0.403
0.379
0.463
0.458
0.380
0.382
0.432
0.485
0.519
0.413
0.497
0.336
0.427
0.450
0.457
0.379
0.595
0.495
0.443
0.445
0.425
0.476
0.465
0.476
0.583
0.402
0.337
0.565
0.466
0.533
0.449
0.373
0.383
0.331
0.592
0.430
0.468
0.369
0.398
0.488
0.633
0.506
0.395
0.444
0.365
0.445
0.494
0.469
0.418
0.316
0.603
0.497
0.432
0.429
0.392
0.448
0.478
0.573
0.467
0.437
0.448
0.493
0.412
0.433
0.544
0.369
0.597
0.601
0.369
0.471
0.454
0.555
0.313
0.381
0.486
0.433
0.406
0.585
0.330
0.390
0.539
0.602
0.317
0.489
0.503
0.668
0.436
0.461
0.435
0.482
0.427
0.525
0.552
0.475
0.379
0.511
0.461
0.483
0.580
0.473
0.476
0.367
0.619
0.533
0.376
0.606
0.575
0.620
0.515
0.437
0.637
0.449
0.356
0.648
0.523
0.452
0.630
0.469
0.539
0.315
0.593
0.505
0.446
0.694
0.505
0.494
0.461
0.380
0.464
0.636
0.446
0.482
0.519
0.351
0.410
0.498
0.418
0.561
0.403
0.679
0.532
0.478
0.610
0.403
0.530
0.397
0.638
0.825
0.577
0.502
0.521
0.515
0.567
0.282
0.570
0.791
0.338
0.489
0.514
0.474
0.596
0.410
0.362
0.391
0.409
0.462
0.403
0.660
0.601
0.734
0.439
0.601
0.506
0.516
0.512
0.321
0.679
0.583
0.422
0.577
0.376
0.728
0.492
0.688
0.421
0.551
0.388
0.522
0.437
0.574
0.483
0.444
0.509
0.458
0.421
0.537
0.683
0.608
0.504
0.561
0.714
0.480
0.500
0.625
0.421
0.516
0.434
0.436
0.599
0.357
0.774
0.460
0.552
0.621
0.598
0.563
0.518
0.535
0.447
0.288
0.491
0.510
0.339
0.748
0.335
0.525
0.416
0.701
0.460
0.356
0.633
0.475
0.562
0.489
0.477
0.528
0.332
0.757
0.601
0.566
0.485
0.497
0.446
0.462
0.447
0.504
0.664
0.606
0.466
0.566
0.722
0.407
0.507
0.343
0.597
0.534
0.401
0.468
0.742
0.436
0.428
0.384
0.584
0.493
0.552
0.493
0.336
0.514
0.558
0.393
0.618
0.624
0.340
0.577
0.437
0.469
0.457
0.602
0.416
0.541
0.525
0.526
0.382
0.501
0.622
0.568
0.524
0.588
0.445
0.400
0.548
0.659
0.499
0.799
0.650
0.389
0.577
0.565
0.735
0.741
0.640
0.512
0.765
0.601
0.488
0.668
0.473
0.607
0.832
0.389
0.671
0.559
0.528
0.491
0.463
0.393
0.604
0.760
0.489
0.755
0.645
0.792
0.624
0.313
0.610
0.775
0.579
0.577
0.476
0.545
0.561
0.454
0.455
0.515
0.475
0.536
0.477
1.160
0.594
0.799
0.607
0.442
0.587
0.997
0.691
0.573
0.614
0.756
0.700
0.566
0.566
0.339
0.849
0.427
0.567
0.869
0.845
0.562
0.730
0.700
0.834
0.678
0.845
0.485
0.529
0.998
0.328
0.869
0.929
0.371
0.810
0.387
0.485
0.930
0.468
0.656
1.051
0.835
0.408
0.561
0.480
0.348
1.364
0.753
0.569
0.756
0.497
0.516
0.663
0.488
1.074
0.830
0.501
0.512
0.461
0.755
1.128
0.698
0.569
0.691
0.784
0.681
1.250
0.514
0.619
0.829
0.620
0.864
0.616
0.499
1.127
0.559
0.824
0.790
0.548
0.497
0.510
0.767
0.571
0.481
0.499
0.730
0.521
1.286
1.161
0.537
0.462
0.813
0.374
0.609
1.624
0.975
1.830
0.835
0.483
0.539
1.386
0.511
0.450
0.603
0.542
0.646
0.549
0.515
0.647
0.958
0.727
0.782
0.475
0.605
0.724
0.362
0.386
0.720
0.932
0.564
1.290
0.810
0.433
0.540
0.379
0.560
0.891
0.313
0.740
0.346
1.373
0.549
1.328
1.157
1.086
0.915
1.159
0.595
0.581
0.845
0.774
2.114
0.862
0.567
0.705
0.579
1.151
0.760
1.205
0.824
0.631
0.533
0.740
0.886
0.977
0.567
0.966
0.625
1.064
0.713
1.287
0.703
2.248
0.510
1.452
0.648
0.448
2.029
0.830
1.426
1.054
1.169
0.837
0.993
0.847
1.063
0.462
1.587
0.690
0.508
0.262
1.352
1.420
0.869
0.693
1.489
0.372
0.822
1.187
1.842
0.636
2.283
1.069
0.855
0.669
1.065
1.110
0.751
0.705
0.622
1.665
1.888
1.408
0.974
1.117
0.850
0.851
2.018
1.107
1.021
1.962
1.255
1.811
0.824
1.090
0.877
0.915
0.773
1.573
0.639
1.230
1.219
1.852
2.142
1.782
1.084
0.516
0.643
2.096
2.274
0.880
0.613
0.523
0.674
0.875
0.570
2.015
0.889
0.907
1.026
0.679
1.510
0.817
2.215
0.778
0.750
1.708
0.955
0.685
0.887
1.055
0.730
0.515
1.222
1.019
1.235
0.651
0.438
1.190
0.577
0.887
0.989
0.668
0.622
1.548
0.505
1.651
2.131
1.968
0.983
0.854
0.659
0.387
1.253
1.248
0.689
1.984
1.102
2.187
0.393
0.750
2.261
2.286
0.391
1.050
2.198
2.156
2.304
2.149
2.212
2.133
1.479
2.277
1.110
0.859
2.241
2.000
0.956
1.786
2.207
1.121
0.984
2.249
1.829
0.730
0.439
2.208
0.604
1.453
1.911
1.279
0.932
2.200
1.033
2.211
2.296
1.761
1.043
0.891
2.159
2.287
2.275
1.275
1.882
1.326
1.578
1.585
1.046
2.149
0.687
2.222
0.517
0.764
2.207
1.156
1.186
2.220
1.482
2.159
0.729
1.201
0.980
1.107
1.074
1.945
2.094
1.912
2.220
2.164
2.205
2.209
2.339
0.567
2.058
0.867
2.347
1.069
2.257
1.035
1.111
0.726
1.457
1.514
0.515
1.277
2.245
2.282
0.765
0.768
0.843
0.762
1.999
1.385
2.215
1.740
2.213
1.553
1.039
2.171
2.014
2.230
2.372
1.856
2.211
2.165
1.240
2.329
2.201
2.290
2.216
2.222
2.321
2.121
2.226
2.285
0.862
2.159
1.530
2.166
2.234
1.389
2.196
2.294
0.904
2.279
2.156
2.277
2.268
2.282
2.234
1.531
2.343
0.553
2.222
2.270
2.220
2.287
2.214
2.358
2.145
2.045
2.275
2.283
2.215
2.218
2.140
2.289
2.214
2.306
2.216
2.275
2.211
2.291
2.208
2.298
2.251
2.228
2.233
2.219
2.226
2.261
2.213
2.230
2.225
2.337
2.149
2.168
2.220
2.155
2.331
2.203
2.354
2.160
2.226
2.196
2.216
2.223
2.221
2.153
2.275
2.287
2.274
2.155
2.217
2.243
2.332
2.233
2.211
2.177
2.221
2.264
2.260
2.147
2.280
2.226
2.273
2.230
2.294
2.213
2.213
2.223
2.340
2.222
2.280
2.206
2.238
2.239
2.223
2.232
2.217
2.281
2.270
2.292
2.240
2.287
2.230
2.265
0.960
1.133
2.286
2.191
2.045
2.099
1.082
2.219
0.781
0.801
1.734
1.475
2.207
0.449
2.122
1.124
2.153
2.225
1.517
1.932
1.246
0.760
1.238
1.875
0.899
1.095
1.375
0.819
0.458
0.487
0.922
0.579
0.747
2.176
0.782
1.815
0.704
0.811
0.979
0.573
1.748
1.126
1.362
1.146
0.539
1.340
0.776
0.833
1.533
0.888
1.117
2.288
2.247
2.217
2.226
0.331
0.856
2.113
2.181
2.231
1.562
2.285
2.282
2.226
0.434
2.223
2.226
2.217
2.300
2.253
2.290
2.167
2.608
2.398
2.512
2.307
2.352
2.145
2.277
2.166
2.211
2.161
2.155
2.266
2.294
2.293
2.154
2.220
2.215
2.294
2.227
2.283
2.175
2.289
2.282
2.229
2.227
2.221
2.231
2.314
2.184
2.295
2.236
2.215
2.304
2.299
2.228
2.211
2.170
2.304
2.229
2.284
2.230
2.283
2.325
2.281
2.234
2.223
2.159
2.202
2.261
2.227
2.262
2.210
2.354
2.226
2.293
2.239
2.300
2.227
2.310
2.222
2.298
2.222
2.350
2.208
2.235
2.225
2.288
2.210
2.291
2.266
2.228
2.160
2.297
2.220
2.330
2.229
2.298
2.164
2.293
2.261
2.312
2.235
2.339
2.203
2.341
2.162
2.279
2.235
2.291
2.190
2.309
2.233
2.342
2.202
2.140
2.290
2.159
2.544
2.323
2.477
2.332
2.310
2.294
2.310
2.226
2.334
2.178
2.287
2.224
2.225
2.239
2.281
2.216
2.285
2.223
2.290
2.283
2.293
2.158
2.221
2.145
2.319
2.215
2.281
2.210
2.299
2.250
2.278
2.161
2.233
2.229
2.279
2.277
2.237
2.233
2.280
2.225
2.291
2.296
2.153
2.228
2.166
2.398
2.219
2.281
2.235
2.290
2.203
2.223
2.226
2.297
2.219
2.341
2.163
2.268
2.166
2.309
2.161
2.352
2.173
2.288
2.168
2.358
2.296
2.300
2.230
2.227
2.157
2.269
2.173
2.215
2.161
2.348
2.281
2.238
2.235
2.441
2.247
2.502
2.453
2.305
2.472
2.308
2.222
2.209
2.295
2.193
2.242
2.221
2.296
2.186
2.291
2.207
2.288
2.276
2.236
2.219
2.215
2.167
2.282
2.224
2.227
2.210
2.227
2.170
2.296
2.225
2.300
2.235
2.321
2.199
2.291
2.319
2.282
2.201
2.277
2.218
2.218
2.163
2.231
2.162
2.292
2.256
2.238
2.299
2.165
2.280
2.185
2.231
2.224
2.293
2.237
2.290
2.231
2.299
2.234
2.278
2.235
2.305
2.243
2.616
2.391
2.467
2.224
2.252
2.157
2.236
2.208
2.224
2.177
2.286
2.165
2.322
2.189
2.229
2.223
2.277
2.272
2.296
2.230
2.268
2.155
2.425
2.258
2.585
2.405
2.285
2.273
2.230
2.306
2.232
2.310
2.292
2.390
2.166
2.301
2.223
2.281
2.260
2.224
2.163
2.277
2.291
2.276
2.187
2.274
2.219
2.294
2.214
2.313
2.170
2.295
2.262
2.246
2.259
2.231
2.239
2.274
2.229
2.273
2.158
2.209
2.238
2.213
2.220
2.227
2.182
2.219
2.287
2.147
2.311
2.150
2.362
2.218
2.297
2.227
2.303
2.218
2.213
2.156
2.355
2.156
2.290
2.216
2.282
2.206
2.283
2.211
2.294
2.220
2.215
2.272
2.292
2.193
2.222
2.148
2.294
2.161
2.292
2.221
2.186
2.263
2.351
2.154
2.244
2.226
2.288
2.163
2.283
2.175
2.165
2.298
2.339
2.299
2.198
2.241
2.160
2.345
2.167
2.226
2.180
2.215
2.308
2.304
2.220
2.275
2.151
2.341
2.222
2.414
2.466
2.370
2.414
2.350
2.263
2.419
2.237
2.283
2.294
2.296
2.160
2.218
2.304
2.322
2.162
2.292
2.229
2.296
2.205
2.214
2.327
2.531
2.438
2.317
2.305
2.257
2.311
2.432
2.517
