0.600
1.200
0.700
0.800
0.800
1.200
0.600
0.800
1.400
0.800
1.000
0.600
1.400
2.300
0.800
0.400
0.900
0.700
0.800
1.000
0.700
0.500
0.400
1.000
0.800
0.700
0.700
0.500
1.700
2.200
1.300
2.000
0.700
0.900
1.900
0.700
1.500
1.500
0.900
0.300
0.900
0.800
1.100
1.000
0.700
0.400
0.800
0.600
1.000
0.900
0.400
0.200
0.500
2.000
0.700
1.000
0.700
0.700
0.300
0.500
0.700
0.900
1.000
2.500
0.900
1.300
0.900
0.400
1.400
0.900
0.400
1.800
1.100
3.100
0.400
0.800
0.400
0.900
2.000
0.600
1.500
0.600
1.700
1.000
0.800
0.600
1.100
1.400
1.500
0.500
0.900
0.700
2.100
1.000
1.000
0.600
1.200
1.000
2.900
0.500
3.100
5.400
0.900
1.100
2.200
1.900
0.600
0.600
5.100
0.400
0.500
2.300
1.300
1.500
1.100
1.300
0.700
0.900
1.700
1.000
1.200
4.300
1.100
0.400
1.300
0.800
1.100
1.100
1.000
1.900
0.800
1.100
0.500
0.300
3.300
0.500
2.600
1.000
0.800
2.900
1.100
0.900
2.600
0.700
1.200
0.900
1.400
1.500
1.200
0.400
1.100
1.500
0.700
1.000
2.000
0.400
0.700
0.700
0.700
0.600
3.000
2.100
1.000
0.700
0.500
0.800
0.900
1.200
0.900
0.700
0.600
0.800
1.200
0.900
1.500
1.500
0.700
1.000
0.500
1.700
1.000
0.700
1.800
1.200
1.100
0.500
1.400
0.500
1.000
1.700
3.700
1.300
0.400
1.100
0.700
0.800
1.600
1.800
0.800
0.500
0.800
1.100
0.700
0.500
0.500
0.700
2.800
0.800
1.800
0.800
0.800
0.600
1.000
1.000
2.100
0.900
2.700
2.200
1.600
1.400
1.300
1.000
0.700
0.600
1.500
0.700
2.800
2.600
1.100
0.900
2.700
0.700
1.200
0.900
2.300
1.100
0.900
0.600
2.000
1.300
1.500
0.700
1.100
0.500
0.800
1.600
0.800
0.700
0.700
1.300
1.100
0.600
0.700
1.200
1.400
0.700
1.500
0.500
1.000
0.500
1.400
1.300
1.200
2.400
1.200
1.300
1.400
0.700
3.400
2.500
1.100
0.800
0.700
1.200
1.300
0.700
0.500
1.000
1.700
1.900
0.400
0.600
0.500
0.600
1.200
0.800
0.400
0.500
1.100
0.400
1.300
1.000
1.800
0.800
0.500
1.100
1.100
1.300
2.100
1.400
1.000
1.800
1.800
0.600
0.800
0.900
0.800
0.600
1.600
2.500
0.900
1.100
0.700
0.900
1.200
0.600
1.200
0.500
0.800
0.900
2.800
0.500
2.000
0.600
3.300
1.000
1.200
1.600
0.800
1.000
0.400
0.800
1.900
1.100
0.600
1.200
0.500
1.000
1.100
0.800
2.100
1.400
1.100
0.400
0.700
0.800
0.900
0.600
3.100
0.400
0.800
1.200
0.900
3.400
2.300
1.000
1.000
1.600
1.700
0.700
0.700
0.300
1.200
0.500
0.800
1.100
0.800
2.400
0.800
0.600
0.500
0.800
1.300
0.900
1.300
1.900
1.900
0.800
0.300
0.300
0.700
1.400
1.200
0.600
0.600
0.500
0.600
0.400
1.900
1.300
0.800
0.900
0.900
1.800
1.300
0.800
0.600
0.900
1.400
1.600
0.800
0.900
1.400
0.900
1.300
0.900
1.200
0.700
1.000
4.900
1.100
1.200
0.500
1.500
1.200
0.900
1.800
1.100
0.600
0.500
0.800
1.000
0.600
0.900
1.100
0.800
0.800
0.800
1.200
1.700
1.700
1.000
0.800
0.800
1.100
1.900
0.600
1.400
0.500
0.800
2.000
2.100
3.200
1.200
1.400
1.100
0.800
1.500
0.500
0.600
1.300
0.800
1.800
1.200
2.800
1.700
3.000
0.700
0.500
0.900
1.800
1.800
0.800
1.500
1.300
1.000
1.300
0.900
1.600
1.000
1.600
0.600
0.900
0.600
1.600
0.900
1.000
1.400
2.100
0.800
1.100
0.300
1.100
1.000
1.400
0.600
0.800
0.700
0.200
0.400
2.500
0.700
1.400
2.400
1.200
1.500
1.300
1.700
0.800
1.900
2.100
1.400
0.900
0.700
1.500
0.800
0.600
1.200
0.700
0.500
0.500
1.100
2.200
2.400
0.400
1.100
1.100
1.800
1.000
0.900
0.700
3.200
1.500
1.400
1.600
1.300
1.100
1.000
1.300
0.800
0.300
1.600
0.700
1.600
1.000
1.300
1.400
1.300
2.500
3.400
0.900
1.900
0.700
1.700
3.100
2.200
1.600
1.400
1.700
0.800
1.400
1.800
1.400
0.700
2.300
0.400
1.900
2.400
1.200
0.700
3.200
0.900
2.000
1.800
0.500
1.000
1.600
0.600
1.000
0.500
0.800
3.400
1.300
0.700
1.300
4.600
0.600
1.200
2.400
2.500
0.900
1.200
1.000
1.500
1.200
0.600
1.100
1.400
0.600
1.200
0.400
0.900
0.900
0.600
0.700
0.700
1.600
0.900
1.400
1.100
0.400
1.800
0.800
1.400
0.400
2.400
0.900
0.900
0.700
0.600
1.100
2.300
3.100
0.700
1.600
1.900
1.100
0.800
0.800
1.700
1.200
1.200
1.200
1.400
1.100
1.700
1.000
0.600
1.100
0.800
0.400
1.000
0.700
1.500
2.600
0.500
1.400
1.200
0.900
1.300
3.200
0.600
1.100
1.000
1.300
0.300
0.900
1.100
1.200
0.600
1.300
1.300
0.600
0.700
1.500
1.100
0.900
3.000
3.000
0.900
0.800
1.600
1.300
0.900
1.000
1.600
3.000
1.300
3.200
1.200
1.000
2.200
0.700
0.900
2.100
1.700
2.200
1.200
1.200
1.000
1.200
1.500
1.500
1.500
1.100
0.500
1.000
2.300
0.800
1.000
0.900
1.400
1.400
0.800
1.600
2.100
0.700
0.700
1.200
1.100
0.400
1.800
1.300
0.800
2.400
0.700
2.000
1.400
0.900
2.900
1.200
1.300
1.100
0.900
0.900
2.300
0.400
1.300
0.500
0.800
0.600
1.900
0.700
1.200
0.700
2.300
0.700
1.100
1.400
0.900
0.500
0.600
0.500
0.300
0.800
1.300
0.400
1.200
0.800
1.100
0.600
1.400
2.700
1.500
1.100
1.200
1.300
1.800
0.900
1.400
1.200
1.000
1.100
0.600
1.900
0.800
1.100
1.800
1.200
0.900
0.600
1.100
1.300
0.900
3.800
1.400
0.800
1.500
0.300
1.600
0.800
1.100
2.600
1.600
1.800
1.100
0.600
1.100
2.100
1.600
1.500
0.700
0.800
1.200
1.000
1.800
1.100
0.600
0.700
1.100
0.700
1.600
0.500
1.000
1.200
1.000
2.000
0.600
0.500
1.200
2.000
1.700
0.700
0.700
1.700
0.700
0.900
0.400
1.500
0.700
0.900
2.400
1.800
1.300
3.600
0.700
0.800
0.500
2.800
0.600
0.800
0.600
0.700
0.700
1.600
1.100
1.000
1.700
1.300
0.400
1.100
2.000
1.800
0.600
1.300
2.200
1.300
1.600
0.900
2.800
0.600
1.800
2.400
1.200
0.500
2.300
1.500
1.100
1.200
0.600
0.800
0.400
1.200
2.200
1.400
1.600
1.200
0.700
1.100
1.000
2.000
0.800
1.100
3.500
1.100
1.300
1.000
1.300
1.200
1.200
2.100
0.700
1.900
2.000
0.900
1.000
0.500
0.800
1.100
0.600
0.800
1.000
1.200
1.500
1.000
1.300
0.500
1.800
1.300
1.500
1.600
1.300
1.000
1.300
3.500
0.900
1.400
2.700
0.800
2.400
0.700
1.500
2.500
0.700
0.900
1.800
1.000
1.000
6.200
1.000
1.100
0.900
0.700
1.800
1.400
1.300
2.000
3.300
1.600
1.500
0.400
1.200
1.200
0.400
2.400
2.500
0.500
0.600
1.100
1.000
1.800
0.800
1.200
1.100
1.200
0.700
0.500
1.000
3.300
1.300
0.900
1.100
1.300
1.100
3.500
1.500
3.200
1.600
1.300
0.800
1.200
0.600
0.700
1.300
2.300
0.900
1.200
1.300
2.000
1.300
1.200
1.400
1.500
1.400
0.900
1.800
1.400
1.400
0.700
1.400
2.200
0.700
1.400
0.600
2.700
1.700
1.200
0.500
1.400
0.900
0.900
0.700
0.800
0.900
3.500
1.200
0.900
1.400
1.400
0.800
3.300
1.300
0.800
1.200
4.100
1.000
1.900
1.800
1.000
1.300
1.300
2.000
3.900
2.400
0.800
3.300
0.900
0.900
2.100
1.900
1.200
1.200
1.100
2.600
6.300
1.400
2.300
0.900
3.400
1.200
1.400
1.600
1.600
1.100
1.100
0.300
0.700
1.300
3.100
1.900
0.900
1.200
1.400
0.700
2.500
2.000
3.000
1.800
0.400
1.900
1.200
4.100
2.800
0.400
1.000
1.300
0.400
1.200
2.300
0.900
2.300
1.400
0.800
2.600
1.100
1.600
0.700
0.500
1.800
2.900
1.100
1.300
1.600
1.600
0.700
0.800
0.900
1.900
0.900
1.000
1.100
2.200
1.100
0.400
3.000
0.700
3.900
0.900
2.900
0.700
1.100
1.600
1.100
2.000
2.600
2.300
2.200
0.500
1.300
1.100
2.600
1.600
1.300
1.400
0.800
1.500
1.000
2.800
1.300
1.000
1.200
0.700
2.900
2.000
0.800
1.400
1.000
1.200
3.700
1.400
0.500
0.900
0.600
2.600
0.400
1.000
1.400
1.300
1.500
2.800
1.300
2.700
1.500
1.500
1.200
2.000
2.700
2.200
2.500
1.500
1.100
4.200
0.700
1.800
0.800
0.400
1.800
3.300
1.600
4.100
1.300
2.900
1.100
1.700
0.500
1.300
1.300
1.700
2.300
3.700
1.200
1.200
3.100
5.900
3.600
2.200
0.700
1.000
1.200
0.900
2.000
1.400
1.800
1.200
0.700
1.500
3.600
0.400
1.100
1.500
2.100
1.400
1.000
2.500
1.100
3.800
1.500
1.700
3.300
1.100
2.800
0.800
1.600
4.300
1.500
1.000
1.000
3.000
0.700
2.700
0.900
4.900
1.100
3.200
2.300
2.900
2.200
1.300
3.500
1.100
1.900
0.700
0.700
1.000
1.100
0.500
2.500
3.400
1.400
1.000
0.900
0.800
1.500
1.200
2.400
1.600
3.200
3.300
1.400
2.100
3.100
1.400
1.500
2.600
1.600
1.700
0.900
1.400
1.500
1.800
1.900
0.900
0.500
3.300
1.400
1.300
1.100
4.600
0.700
0.700
4.600
3.000
1.900
1.000
2.400
1.300
1.100
3.600
1.600
1.300
7.100
1.300
2.600
0.900
5.300
0.700
0.800
0.700
3.600
1.800
1.400
2.200
2.000
0.400
1.100
1.400
2.400
2.000
0.500
0.300
3.700
3.200
1.700
1.700
1.700
0.600
1.400
2.100
0.900
1.700
2.200
3.500
4.500
4.400
1.800
0.800
0.600
1.000
2.200
3.100
0.800
3.300
4.000
3.500
2.700
1.300
5.100
4.800
4.500
3.500
4.600
3.300
1.700
1.500
1.500
3.000
3.200
0.700
3.600
2.800
1.100
3.700
1.800
1.600
1.100
0.800
3.300
1.400
1.100
1.600
3.700
4.500
1.000
1.300
1.300
3.400
4.300
0.700
2.200
2.100
0.900
1.000
1.600
2.400
6.300
0.800
1.300
3.100
2.200
3.600
1.300
5.900
2.300
1.500
2.000
1.800
3.500
0.800
1.400
4.900
3.300
3.600
2.400
2.200
2.900
1.100
2.400
2.800
1.300
1.400
1.500
3.200
1.100
4.400
2.300
2.800
2.500
4.800
4.600
1.300
3.900
2.100
3.900
1.700
3.500
1.300
7.100
3.200
1.200
2.600
1.800
1.600
1.600
1.800
1.400
1.200
0.500
2.700
1.500
3.200
2.300
1.400
1.900
1.400
4.000
0.900
2.800
3.100
1.100
0.800
0.800
1.300
0.600
1.100
2.800
2.800
1.000
1.200
1.500
3.900
1.400
4.100
2.000
3.500
2.100
1.000
4.200
1.100
1.200
3.600
4.700
1.600
4.500
1.200
2.500
1.000
1.400
3.100
2.900
3.500
1.000
2.500
3.800
1.500
2.100
1.100
2.300
2.500
1.600
1.600
3.200
1.300
4.200
3.500
1.900
2.000
3.400
1.300
2.100
2.100
1.200
3.000
4.600
0.800
2.100
1.200
3.800
1.500
2.600
3.600
0.900
0.900
0.500
2.500
0.700
1.000
0.700
2.800
3.400
3.700
1.400
4.300
1.500
0.800
2.700
2.900
3.700
3.400
4.200
4.100
4.800
4.200
3.700
3.200
2.100
1.000
1.600
1.600
1.800
0.900
1.400
1.900
3.200
4.200
1.200
1.400
4.600
6.100
0.500
3.600
1.500
3.100
2.000
1.100
0.600
2.100
2.300
3.700
1.500
3.800
0.700
1.500
1.100
4.300
0.600
2.000
0.600
5.000
5.100
3.900
3.400
0.800
5.100
0.500
2.300
1.600
4.200
1.800
4.600
1.200
2.300
2.200
2.600
1.300
0.800
1.000
2.300
5.000
3.600
5.000
1.400
6.400
1.400
4.100
1.300
3.900
3.700
2.100
3.500
1.200
3.100
3.900
1.500
2.100
1.000
3.500
1.000
2.600
9.100
2.100
2.800
1.100
1.200
3.300
1.400
1.000
0.700
0.800
2.400
1.500
1.900
1.500
1.500
5.800
1.000
1.300
2.900
3.400
0.400
0.500
3.900
1.600
1.200
0.900
1.000
4.400
1.100
3.500
4.800
1.100
1.500
3.000
5.400
3.800
1.100
2.600
3.500
0.800
3.700
1.400
3.000
5.900
0.800
0.800
4.400
3.100
1.700
1.200
0.700
2.300
5.600
4.200
2.500
1.500
3.700
2.600
0.900
2.400
2.300
2.800
5.200
4.000
2.000
0.600
3.900
5.500
4.900
1.000
1.700
2.700
1.000
4.000
1.000
2.200
4.500
0.400
1.000
1.100
1.900
1.200
1.100
1.600
1.400
1.000
1.800
2.900
4.500
1.600
0.800
1.300
1.100
4.100
2.200
2.500
4.200
1.300
3.000
5.500
3.800
3.900
5.600
4.400
3.700
1.300
2.200
1.500
1.700
3.600
1.400
1.300
3.000
9.000
4.700
0.900
9.300
2.500
1.000
6.000
0.600
3.500
5.100
4.100
3.300
5.100
4.900
1.700
1.900
1.700
1.500
1.900
3.000
6.300
0.500
1.700
4.200
1.200
1.500
5.000
3.200
7.200
3.500
1.300
3.800
3.400
2.500
3.500
3.900
1.300
1.800
3.200
1.600
0.900
4.100
0.700
3.800
4.200
3.900
6.000
4.400
2.700
2.700
4.800
4.000
1.600
1.800
1.000
4.800
4.400
5.100
3.000
2.400
4.100
3.800
5.700
1.000
0.800
3.000
1.400
2.500
0.900
0.500
0.600
2.300
5.400
1.100
4.300
0.900
1.300
3.600
1.600
5.100
1.500
3.000
2.800
7.100
3.900
10.600
7.000
3.300
4.100
1.700
5.000
7.000
6.600
9.100
2.100
3.000
1.000
4.900
2.000
1.100
3.900
4.800
4.700
2.300
3.900
6.200
1.900
1.000
7.300
5.300
7.700
9.100
4.000
2.800
4.000
3.100
1.400
6.600
3.400
7.500
5.100
7.000
8.900
4.400
4.200
2.000
4.600
3.500
4.800
9.100
8.000
2.200
5.200
6.600
5.800
6.000
6.200
2.000
6.700
6.500
5.400
6.500
4.100
2.100
4.900
5.800
5.600
2.900
7.500
2.000
7.000
1.500
6.400
2.900
1.200
1.400
4.000
2.700
7.600
3.800
3.400
4.300
4.400
4.800
3.600
7.000
7.000
6.700
3.000
1.600
2.500
6.300
7.000
11.700
3.900
2.500
1.400
7.100
5.600
9.000
3.700
1.600
4.300
6.000
1.200
6.100
1.100
5.900
2.200
3.800
2.100
7.100
2.900
7.400
3.900
4.400
9.600
1.100
1.600
7.400
6.800
3.700
1.200
5.400
1.500
3.800
8.500
5.800
3.400
4.200
2.100
2.000
9.400
6.700
11.300
1.300
2.700
10.700
3.000
9.600
11.600
2.900
2.400
4.100
5.200
2.900
1.200
1.300
3.700
2.500
5.500
6.000
3.400
2.900
3.800
3.400
7.800
1.500
11.500
4.100
3.300
7.200
3.600
5.500
5.400
7.500
10.300
6.200
2.600
10.200
7.600
9.400
8.300
4.500
4.400
1.800
11.600
3.800
8.800
1.700
3.500
4.600
10.700
7.600
2.200
7.200
3.700
5.200
6.000
2.300
3.200
1.400
9.300
8.300
4.400
4.000
1.800
4.600
5.700
11.000
9.300
4.500
3.400
9.300
3.100
3.800
9.500
1.100
9.200
9.000
4.300
8.500
4.900
7.500
1.600
4.100
6.100
4.900
3.100
7.900
2.600
1.600
8.500
10.000
1.700
6.900
7.100
15.000
4.900
1.200
6.900
6.400
3.900
8.400
7.500
6.100
1.500
6.900
5.400
0.900
10.100
7.500
2.700
4.400
13.300
9.200
1.300
11.800
11.100
10.700
8.000
4.200
12.500
6.600
3.500
11.200
11.500
8.100
13.200
2.200
9.700
1.300
11.000
7.100
4.400
10.700
7.500
6.600
5.100
1.600
2.700
13.300
4.600
9.000
11.300
3.100
2.900
6.100
5.300
6.300
3.700
12.800
11.800
6.100
11.800
6.000
6.100
2.100
13.500
17.900
11.300
5.500
10.700
7.700
10.400
0.800
12.700
22.000
3.500
5.900
7.500
9.800
13.300
6.800
4.300
3.600
3.000
5.600
2.700
11.800
13.300
16.300
3.800
12.500
7.900
8.300
8.300
2.100
13.200
8.500
5.800
11.100
5.100
16.600
10.300
16.900
7.000
10.400
2.500
5.100
7.300
9.200
9.900
4.400
7.500
5.600
6.600
9.100
16.800
9.200
7.800
10.000
18.900
8.500
8.400
14.300
4.200
7.900
4.600
0.600
12.000
3.900
17.600
6.100
10.900
15.200
12.400
11.000
8.100
3.500
8.300
1.100
6.900
8.000
3.300
16.500
3.100
8.600
5.200
13.800
6.600
3.200
12.900
6.400
7.600
6.300
8.600
12.100
2.800
17.000
11.500
14.400
10.200
10.900
6.800
5.700
5.500
7.200
15.600
9.600
7.200
8.400
18.400
6.500
7.900
3.100
9.800
10.800
6.000
3.000
19.500
2.600
4.000
1.600
14.000
10.600
10.100
7.400
2.900
7.900
10.400
2.100
10.100
16.800
3.300
8.000
7.500
3.800
5.000
9.600
6.600
12.500
9.100
11.700
5.200
6.900
13.200
14.100
9.400
8.600
8.200
5.700
12.700
16.400
11.400
19.300
15.800
3.800
10.200
7.300
18.900
22.000
14.800
6.800
22.900
14.700
6.900
15.500
9.400
6.900
24.800
5.300
15.500
10.600
7.900
7.300
5.400
3.400
11.800
14.800
6.600
23.400
17.100
25.700
7.800
1.200
15.300
21.800
11.400
5.300
9.800
13.000
10.100
5.400
7.400
7.100
9.100
12.600
6.300
38.400
11.400
19.400
12.800
8.000
13.000
30.500
18.800
10.900
13.100
18.500
16.500
11.000
10.700
2.400
23.600
4.200
9.200
29.500
28.600
10.900
23.300
19.800
27.800
21.300
26.300
8.200
10.400
33.100
3.600
24.000
33.900
3.100
26.200
3.300
10.300
27.000
6.900
12.900
36.900
22.700
4.100
10.900
8.100
4.200
55.700
19.000
12.900
19.600
9.000
6.500
20.100
8.300
39.300
24.500
9.300
9.400
6.400
19.800
36.800
16.700
12.400
18.300
23.500
19.600
49.000
9.600
14.500
26.300
15.100
21.300
18.600
8.700
44.700
12.200
29.000
21.400
11.500
8.500
9.300
19.200
9.700
7.700
10.100
19.600
10.000
47.500
43.000
11.200
6.400
24.700
4.900
11.600
68.500
35.000
75.200
26.100
6.300
10.600
55.900
6.700
6.500
14.200
10.600
12.300
11.200
9.000
18.900
29.600
20.300
20.700
7.600
13.700
17.100
2.100
2.600
18.700
28.100
10.500
49.700
22.300
9.100
11.000
3.100
14.000
32.000
3.400
20.600
1.400
47.300
7.800
55.300
44.400
39.400
25.400
46.300
17.200
12.800
27.500
22.300
90.200
32.200
12.300
18.700
12.900
41.100
23.600
42.700
26.000
19.300
8.200
22.100
33.600
37.500
12.900
29.600
12.400
38.300
19.900
49.800
16.900
100.000
9.500
62.400
20.800
9.900
86.200
26.600
58.200
39.400
37.500
28.600
31.700
26.700
38.500
7.300
62.100
17.400
9.700
1.300
52.000
58.300
32.100
19.800
57.200
6.800
28.900
48.300
77.700
19.500
100.000
39.100
27.600
16.100
37.000
40.200
22.400
19.000
15.300
63.500
79.100
60.200
33.900
40.900
30.800
26.600
91.200
37.000
36.300
88.900
46.500
77.900
28.900
41.000
29.200
30.600
16.900
64.900
16.200
46.400
43.900
73.500
100.000
73.200
39.300
10.100
14.800
92.000
100.000
29.300
11.800
14.000
18.100
27.500
12.500
85.300
29.400
28.000
36.100
17.900
59.100
25.800
100.000
20.800
22.300
71.900
32.800
17.800
26.500
34.400
21.500
9.900
48.300
39.800
45.700
16.800
7.400
40.200
14.500
25.600
30.200
17.600
15.200
60.200
9.400
67.800
100.000
85.200
34.400
27.400
11.000
2.900
46.200
45.200
21.900
83.900
39.800
92.900
3.300
21.500
100.000
100.000
3.200
39.400
100.000
100.000
100.000
100.000
100.000
100.000
57.100
100.000
40.700
29.100
100.000
92.300
33.100
75.900
100.000
42.100
27.200
100.000
78.700
20.300
8.700
100.000
13.900
55.200
79.200
49.200
32.100
100.000
37.000
100.000
100.000
74.700
37.000
25.000
100.000
100.000
100.000
49.700
75.600
54.900
65.600
63.000
37.200
100.000
15.800
100.000
8.000
22.300
100.000
36.100
44.300
100.000
60.300
100.000
21.400
48.600
26.800
39.200
37.200
82.200
88.600
86.100
100.000
100.000
100.000
100.000
100.000
15.600
93.700
31.000
100.000
38.500
100.000
39.500
43.900
17.900
56.300
62.000
12.400
48.700
100.000
100.000
22.500
22.100
26.400
21.700
77.100
57.800
100.000
77.000
100.000
60.300
39.800
100.000
84.300
100.000
100.000
79.900
100.000
100.000
47.300
100.000
100.000
100.000
100.000
95.400
100.000
93.700
100.000
100.000
26.800
100.000
59.700
100.000
100.000
58.700
100.000
100.000
33.000
100.000
100.000
100.000
100.000
100.000
100.000
62.400
100.000
12.100
100.000
100.000
100.000
100.000
100.000
100.000
100.000
86.800
100.000
100.000
100.000
100.000
100.000
100.000
100.000
100.000
100.000
100.000
100.000
100.000
100.000
100.000
100.000
100.000
100.000
100.000
100.000
100.000
100.000
100.000
100.000
100.000
100.000
100.000
100.000
100.000
100.000
100.000
100.000
100.000
100.000
100.000
100.000
100.000
100.000
100.000
100.000
100.000
100.000
100.000
100.000
100.000
100.000
100.000
100.000
100.000
100.000
100.000
100.000
100.000
100.000
100.000
100.000
100.000
100.000
100.000
100.000
100.000
100.000
100.000
100.000
100.000
100.000
100.000
100.000
100.000
100.000
100.000
100.000
100.000
100.000
100.000
100.000
100.000
35.500
41.300
100.000
100.000
80.400
92.400
42.800
100.000
23.000
27.700
69.200
56.000
100.000
8.500
91.100
39.600
100.000
100.000
62.000
84.200
45.300
21.800
47.600
77.300
26.300
37.100
56.000
25.200
9.500
7.900
29.000
9.700
24.700
100.000
19.100
73.300
16.300
27.500
35.900
11.900
73.000
35.300
55.800
45.100
8.700
51.700
17.000
25.000
65.800
28.200
39.600
100.000
100.000
100.000
100.000
3.300
30.400
88.200
100.000
100.000
64.100
100.000
100.000
100.000
2.200
100.000
100.000
100.000
100.000
100.000
100.000
100.000
100.000
100.000
100.000
100.000
100.000
100.000
100.000
100.000
100.000
100.000
100.000
100.000
100.000
100.000
100.000
100.000
100.000
100.000
100.000
100.000
100.000
100.000
100.000
100.000
100.000
100.000
100.000
100.000
100.000
100.000
100.000
100.000
100.000
100.000
100.000
100.000
100.000
100.000
100.000
100.000
100.000
100.000
100.000
100.000
100.000
100.000
100.000
100.000
100.000
100.000
100.000
100.000
100.000
100.000
100.000
100.000
100.000
100.000
100.000
100.000
100.000
100.000
100.000
100.000
100.000
100.000
100.000
100.000
100.000
100.000
100.000
100.000
100.000
100.000
100.000
100.000
100.000
100.000
100.000
100.000
100.000
100.000
100.000
100.000
100.000
100.000
100.000
100.000
100.000
100.000
100.000
100.000
100.000
100.000
100.000
100.000
100.000
100.000
100.000
100.000
100.000
100.000
100.000
100.000
100.000
100.000
100.000
100.000
100.000
100.000
100.000
100.000
100.000
100.000
100.000
100.000
100.000
100.000
100.000
100.000
100.000
100.000
100.000
100.000
100.000
100.000
100.000
100.000
100.000
100.000
100.000
100.000
100.000
100.000
100.000
100.000
100.000
100.000
100.000
100.000
100.000
100.000
100.000
100.000
100.000
100.000
100.000
100.000
100.000
100.000
100.000
100.000
100.000
100.000
100.000
100.000
100.000
100.000
100.000
100.000
100.000
100.000
100.000
100.000
100.000
100.000
100.000
100.000
100.000
100.000
100.000
100.000
100.000
100.000
100.000
100.000
100.000
100.000
100.000
100.000
100.000
100.000
100.000
100.000
100.000
100.000
100.000
100.000
100.000
100.000
100.000
100.000
100.000
100.000
100.000
100.000
100.000
100.000
100.000
100.000
100.000
100.000
100.000
100.000
100.000
100.000
100.000
100.000
100.000
100.000
100.000
100.000
100.000
100.000
100.000
100.000
100.000
100.000
100.000
100.000
100.000
100.000
100.000
100.000
100.000
100.000
100.000
100.000
100.000
100.000
100.000
100.000
100.000
100.000
100.000
100.000
100.000
100.000
100.000
100.000
100.000
100.000
100.000
100.000
100.000
100.000
100.000
100.000
100.000
100.000
100.000
100.000
100.000
100.000
100.000
100.000
100.000
100.000
100.000
100.000
100.000
100.000
100.000
100.000
100.000
100.000
100.000
100.000
100.000
100.000
100.000
100.000
100.000
100.000
100.000
100.000
100.000
100.000
100.000
100.000
100.000
100.000
100.000
100.000
100.000
100.000
100.000
100.000
100.000
100.000
100.000
100.000
100.000
100.000
100.000
100.000
100.000
100.000
100.000
100.000
100.000
100.000
100.000
100.000
100.000
100.000
100.000
100.000
100.000
100.000
100.000
100.000
100.000
100.000
100.000
100.000
100.000
100.000
100.000
100.000
100.000
100.000
100.000
100.000
100.000
100.000
100.000
100.000
100.000
100.000
100.000
100.000
100.000
100.000
100.000
100.000
100.000
100.000
100.000
100.000
100.000
100.000
100.000
100.000
100.000
100.000
100.000
100.000
100.000
100.000
100.000
100.000
100.000
100.000
100.000
100.000
100.000
100.000
100.000
100.000
100.000
100.000
100.000
100.000
100.000
100.000
100.000
100.000
100.000
100.000
100.000
100.000
100.000
100.000
100.000
100.000
100.000
100.000
100.000
100.000
100.000
100.000
100.000
100.000
100.000
100.000
100.000
100.000
100.000
100.000
100.000
100.000
100.000
100.000
100.000
100.000
100.000
100.000
100.000
